NA


73703.18 73404.37 74002


66083.61 66133.2 66034.03


1081952 1401031 676023.9 1066214 1301956 626651 1097691 1500106 725396.8


NA


NA


NA


NA


NA


NA


NA


91370.22 84280.48 98459.96


NA


NA


180626.2 210958.4


NA


282099.7 305264.2 293705.9 294605.9 270493.4 315922.6


151314.9 173953.2 156864.4 172393.9 145765.5 175512.6


735318.8 649876.9 606598.8 767516.6 697740.7 609383.5 703121.1 602013 603814.1


291531.8 277376.1 204325.2 435824.7 450867 275733.2 252965.4 479380.7 515607.1 307330.3 301786.9 216260 386126.8 404353.5


499255.5 508143.1


236196.4 481816.3 261662.3 509924 210730.5 453708.7


141350.2 150787.8 131912.7


143676.2 142590.4 144761.9


144398.2 143552.8 145243.7


518220.3 509208.8 527231.9


NA


NA


NA


NA


NA


NA


NA


NA


NA


NA


36476.53 33847.53 39105.54


NA


NA


NA


3457719 3839154 3076284


88008.88 96929.7 79839.91 98721.43 96177.85 95137.96


NA


446549.5 475462.9 436589.6 501818.4 456509.3 435028.7


433237.2 439079.1 427395.3


183877.9 211807.1 173173.9 209463.6 194581.9 214150.6


201953.3 154781.3 96374.18 200078.7 191443.6 128157.9 96438.25 210643.5 212463.1 181404.7 96310.11 116068.3 189513.8


NA


NA


NA


3797031 4117286 3476776


NA


NA


1783905 1897849 1669962


550087.7 537918.7 562256.6


NA


NA


NA


NA


NA


NA


NA


90729.26 88625.83 92832.68


697684.8 980697.9 798290.5 692635.5 955410.3 807202 702734.2 969517.7 789379.1


88369.24 78106.2 85863.17 74820.44 90875.31 81391.96


1735074


NA


NA


NA


NA


NA


244154.9 179665.3 228477.7 250446.8 176522.9 219457.6 237862.9 182807.7 237497.8


15320.29 16050.56 14638.18


151789.8 97711.56 112916.8 114612.9 154592.5 114351.1 114741.5 152345.1 107274.8 111482.5 114484.3


393232.9 376693.8 409772


NA


NA


NA


307514.5


NA


54718.8 48321.45 63277.68


NA


NA


NA


595976 312639.8 462995.1 568547.2 623404.7


NA


73806.57 67886.94 79726.21


2010161 2993763 2721462 2925935 2199914 2683799 2624543 3056813 1871325 3303728 2818380 2795057


756789.7 807498 739415.5


NA


NA


NA


119919.8 112278.5 127561.1


379856.5 381641.1 378071.9


NA


202140.8 220067.1 184214.5


NA


NA


NA


NA


46255.56 62705.85 55273.02 45550.83 60380.91 61145.26 46960.29 65030.78 49400.77


17496462 17826512 17166411


NA


43961.03 46333.76 41588.3


NA


NA


1428691 1135062 764288 843135.9 653867.6 1409832 1120186 785939.9 834477.2 655806.6 1441955 1149939 742636.1 851794.5 651928.6


1613060 2534370 1530938 2399700 1656001 1695181 2669040


811072.8 915123.2 818889.9 906213.3 803255.7


238995.2


NA


NA


NA


NA


13630995 14232393


3764396


NA


NA


19217.04 21356.55 17077.53


NA


25757.41 18420.65 14140.63 19899.15 13983.9 25084.71 27508.18 16942.14 14297.36


202845.4 188427.5 217263.4


120554.7 148625.8 180852.3 113888.8 138186.2 183747.2 127220.7 159065.4 177957.4


145055.1 142105.7 148004.6


NA


189930.1 214302.4 165557.7


13723226


NA


2957969 1560747 3117698 1623666 1497828


1116619 1085932 466764.6 1119740


274347.6 397950.8 460488 266724.8 386472.8 446873.6 291459 409428.8 474102.3


NA


NA


NA


NA


3346047


2597875


NA


154898.9 169533.8 162742.9 139475.4 161485.3 157228.7 170322.4 177582.2 168257


90107.04 93418.33 93702.23 86572.66 86511.85 100264


57851.27 54697.13 61005.4


NA


NA


NA


NA


606771.8 590417.4 623126.1


NA


NA


NA


NA


NA


110139.9 107796.7 112483.1


NA


NA


72235.76 96759.74 71897.93 98358.07 72573.58 95161.42


NA


NA


NA


NA


NA


87279.99 170516.5 82664.84 170969.5 91895.13 170063.4


NA


268143.6


5823179


NA


NA


NA


NA


NA


NA


NA


NA


2264340 2327477


261624.8 633644.9 526961 283897.4 618185.4 509418.4 649104.4 544503.5


1942029 2018309 1818797 1952638 2065261 2083981


1470885 1535907 1476814 1812669 1486664 1464956 1585151


367770.7 276835 160222.8 366231.2 274851.8 369310.2 278818.3


1053176 1027405 1078948


NA


462820.1


NA


182211.2 182908.2 170835.5


NA


61802.7 64774.23 58831.18


NA


63010.5 89030.35 69664.74 92576.91 56356.26 85483.79


NA


62740.01 67065.34 57093.23


267817.3 233732.5 261744.6 272419.4 230222.8 268426.7 263215.2 237242.3 255062.6


893944.6 898620.8 889268.3


NA


NA


1149738 1135844 1163632


26669.73 27540.18 25799.28


NA


NA


NA


66170.49 68027.74 64313.24


NA


124712.1 225746.8 122786.2 229342.2 108949.5 126637.9 222151.3


NA


567710.5 569364 565010.8


NA


NA


NA


NA


258047 258098.4 257995.5


538867.6 549673.9 528061.3


95140.75 99215.36 91066.14


NA


NA


110822.9


NA


NA


20624.32 21051.67


270039.5 313249.4 249826.6 322855.2 290252.4


264059.7 236390.3 291729.1


NA


171466.7 151054.5 104914.9 141852.1 196794.4 160369.9 108157.5 163470.1 146139 141739.1 120234.2


180049.7 251653.5 175778.5 250346.9 184320.8 252960.1


NA


58642.73 57074.28 60211.17


NA


NA


NA


NA


NA


NA


NA


NA


NA


NA


407772.3


930185.1 939556.9 920813.3


NA


NA


NA


NA


572993.9 493600.6 344964.2 579193.7 486922.2 353342.6 566794 556577.1 500279.1 336585.8


NA


816282.2 812645.9 819918.6


NA


42482.65 47080.93 44487.25


NA


86264.24 85906.65 86621.84


NA


NA


162963.8 164606.7 161321


6809688 6880562 6506123 6926255 7113254 6834868


NA


114312.8 115009.7 113615.9


56523.42 55991.34 57055.51


NA


215049 290962 212461.9 216266.4 283559.4 218683.7 213831.6 298364.7 206240.1


2399340 1992159 2506440 1721193 2007285 2292240 1977032


1044995 1173167 913993.1 1106159 1073331 962409.2 1192963 983831.2 865577.1


171686.4 186879.8 176574.3 195099.5 166798.6 87014.84 178660.2


2820850 3467068 2697720 2738047 3535679 2772493 2903653 3398457 2622947


1047705 1473916 973256.4 1058419 1391214 1057592 1036990 1522242 888921.2


190005.8 239404.5 206750.1 218261.9 173261.5 248277.4


NA


487806.9 469468.9 506144.9


102355.1 96993.82 107716.3


177282.7 105771.6 151905.4 198115 112708 149119.1 156450.4 98835.16 154691.8


NA


NA


NA


NA


NA


139833.1 172065.6 192122 126766.6 175029.2 195181 152899.6 169102.1 189062.9


441512.5 717929.9 629777.2 373140.5 411545.4 731234.3 603116.1 375367.9 471479.6 704625.4 656438.3 370913.2


112468.3 114689.4 110247.2


36493.61 23735.92 44128.9 32285.04


1108045 1454128 1498933 908630.4 1414947 991734.6 1464690 1537434 956417.2 1436536 1224355 1443565 1460431 860843.7 1393357


87041.48 76601.23 52306.84 86401.21 72663.66 57862.66 87681.75 80538.79 46751.02


376667.8 271775.1 318989.9 275357 434345.8 268193.2


205164.3 328286.3 227871 233557 330160.1 255484.9 234206.9 326412.5 200257.1


96307.34 109588.5 102327.9 97571.27 113196 114256.6 95043.42 105981 90399.28


NA


3913793 3074256 2670121 3180669 4393045 4168044 3151364 3745902 2859745 2893653 3213992 3158838 4511113 3804282 3314932 4081683 3288766 3147347 4274976 4531806 3161424


2426055 2113430 2002166 2262152 1924705 2259364 2589959 3244489 2079626


NA


NA


756716.3 854046.5 1124766 1287491 1428765 750170.1 871054.5 1115151 1249384 1443188 763262.4 837038.5 1134381 1325598 1414341


311152.7 212914.4 341220.5 206450.9 281085 219377.9


205624.6 177416.2 127487 219098.1 176951.4 131421.4 192151.2 177881.1 123552.6 121615


1991599 1785848 1616297 1954429 1846869 1706905 2028769 1724827 1525690


108195.3 114910.1 101480.5


25017.39 27470.57 22564.2


46468.33 45412.98 47523.67


203404.4 115348.8 221608.1 121998.2 185200.8 108699.4


105869.5 106118.7 105620.3


NA


118133.7 150278.4 116253.2 153997.6 122449 146559.1


NA


132173.4 231165 128023.1 242361.4 136323.7 219968.7


66017.5


133165.6 125025.5 141305.7


210737.4 221271.6 217815.8 226057.9 203659 216485.3


21111.23 20689.83 21532.64


116531.4 147257.6 71895 120156.9 152013.4 77420.03 112906 142501.8 66369.97


48622.17 48840.52 48403.82


NA


NA


238395 117545.7 243270.1 120824.7 233519.9 114266.6


NA


NA


NA


1723537 1865530 1741948 1581544


575907.2 620138.4 1132855 571481.3 621593.3 1194421 580333 618683.4 1071290


201851.7


64944.74 59003.92 113655 66156.4 55840.82 128700.2 63733.07 55813.54 62167.02 98609.72


328380.4 297460.9 322672.5 298047.3 334088.2 296874.6


NA


NA


NA


108729.6 116401.6 101057.6


25865.3 22863.45 28867.15


198049 350777.9 374465.5 196725.9 327090.3


126608.5 121231.9 131985.1


NA


351211.8 470809.7 313751.5 351900.3 442108.1 301858.5 350523.2 499511.3 325644.5


NA


NA


21951.09 32187.17 21996.94 22041.61 15171.89 20451.31 31173.12 21133.58 26825.11 23450.86 33201.22 22860.29 17258.12


126085.5 127598.7


160374.5 170595.9 150153.1


NA


75347.33 81086.89 61391.1 69607.76


NA


NA


4661932 3731105 2648258 4932684 3875002 2722743 3587209 2573773


NA


97622.44 93805.23 95718.95 94980.4 99525.93 92630.05


NA


NA


NA


127845.4 123765.8 131925


NA


151919.3 128509.9 168365.8 151743.2 127621.6 168341.6 152095.5 129398.2 168390


NA


NA


NA


NA


NA


NA


NA


67226.88 60683.01 65043.14


94586.31 93372.65 95799.98


NA


120047.2 128275.6


NA


NA


87336.93 55605.73 43853.27 84017.58 55880.27 43850.54 87515.6 55331.19 43856


NA


NA


1108919 1091462 1126377


NA


482565.8 375465.9 310780.4 373097.6 487009 394224 326541.2 417498.9 498884.2 356707.8 328696.3


102972.6 99421.46 106523.8


425719.3 473129.2 434838.9 297338 373247.9 384304.1 472462.5 439581.6 323321.4 379759.4 467134.5 473796 430096.3 271354.7 366736.4


54367.54 54568 54167.08


NA


NA


350284.6 338308.7 362260.4


NA


924706.7 958517 890896.4


3290345 3437702 3142988


NA


27509.38 31913.06 21117.31


NA


NA


NA


NA


127922.5 122042.9 132780


NA


NA


NA


NA


299982.2 291663.6 308300.9


71502.28 40156.6 71218.73 41839.2 71785.84 38474.01


NA


NA


813057.1 1154098 1493941 1323129 638356.3 1207651 1389429 1248259 800698.8 770016.4 1100546 1598454 1397999


240475.2


1393678 1430589


1605933 1627712 1334352


2042771 3577236 3716628 3312846 3309912 1800348 3768970 3567622 3488761 2285194 2309190 3385503 3911279 3752944 3131062


NA


18697.91 15880.69 18082.23


NA


573074.8 599310.8


32994.72 39304.72 30521.47


NA


NA


NA


NA


NA


1038690 1127439 949940.7


963440.1 826482.7 910742.7 848655.3 959239 810163.9 852014.5 734816.1 967641.2 842801.5 969470.9 962494.4


79784.65


NA


NA


21354.46 20859.02 21849.9


NA


NA


NA


NA


NA


NA


353367.9 337111.6 356651.2 328744.4 243856.7 350084.5 345478.9


6537266 7235149


48172.44 49761.71 46583.16


695129.1 483005.9 708789.9 501817.2 686013.4 464194.5


479512.8 500607.2


1159494 1023736 1125722 1142494 1035799 921749.9


1850670 1958178 1743162


1100761 1145000 1056521


108138.2 101538.5 109429.5 100056.8 106846.9 103020.1


297315.2 363222.2 210812.2 279536.5 374778.7 221941.7 315094 351665.6 199682.6


NA


282882 282189.6 262929.6 281738.7 302834.4 282156.7


NA


NA


NA


NA


NA


940067.5


NA


112382.6 102141.7 117158.3


20996.04 17556.09 24435.99


NA


373978.3 370825.7 377131


NA


129118.4 84367.2 127978.1 76788.22 130250.1 63382.96 91946.18


529476.5 574995.1 483957.9


1378420 1392299 1364540


NA


NA


NA


431524.6 397216.3 361815.2 345910.5 452325.5 409892.4 365388.7 337279.1 410723.6 384540.3 358241.7 354542


NA


NA


NA


NA


185640 169274 202006


NA


NA


NA


NA


279674.8 183831.1 270823.5 184692.1 288526.2 182970.2


NA


733457.5 1285618 1005047 729149.8 1373490 975897.7 737765.3 1116147 1034196


NA


725473.5 405639.9 350011.9 696663.5 391767.2 338108.8 754283.5 419512.7 361915


165298.3 119444.7 160348.2 134617.6 170248.4 104271.9


1445763 1530216 1142594 1319257 1416048 1467952 1201775 1353521 1475479 1592480 1083413 1284993


64901.55 71668.48 71974.7 62706.99 62400.73 61869.78 65156.37 35686.17 67096.1 80936.23 76105.98


119017.8 111966 126069.6


492639.7 528050 228599.1 497911.9 495207.6 531022.1


214945.6 228545.5 201345.7


NA


NA


207120.4 322114 330315.8 224485.3 304060.3 344420.2 189755.5 142467.9 340167.7 316211.4


390128.2 387315.5 392940.8


552455.4 508289.7 341166.6 476215.9 393630 322853.3 522943.3 453751.9 299127.2 456830.4 392628.4 314390 562827.5 383205.9 566621.7 495601.4 394631.7 331316.6


787106.8


84505.97 109021.4 124839.8 75634.51 110846.4 116555.2 93377.42 107196.4 133124.5


353612.3 290988.6 343989.5 314551.2 363235.2 267425.9


NA


NA


NA


NA


NA


NA


NA


176551.2 173093.6 180008.9


100807.5


54346.68 55123.9 53569.45


22447.89 28570.12


NA


1464877 1558569 1371186


NA


205978.1 219707.3 192249


1040875 1048831 1032918


NA


197325.2 195255.1 197317.4


NA


98776.28 101810.8


113111.8 120476.4 105747.2


114607 99064.04 130149.9


NA


54495.01 54511.36


NA


39219.55 24092.95 35970.07 23867.46 42469.02 24318.45


358036.1


3576652 3807156 3346149


12652108 18018431 11141295 10678992 14162921


NA


34155.74


70588.28 76767.33 64409.24


178937.8 178391.3 179484.2


NA


NA


NA


NA


NA


NA


NA


283452.6 280182.1 273328.2


251265.3 285292.6 312629 158945.2 261982.2 305650.6 330570.5 163574.1 256280.3 264934.6 294687.4 154316.4


NA


NA


549947.8 556132.2 543763.4


36508.97 41622.3 37179.12 39789.96 35838.81 43454.64


NA


46790.05 26877.59 28361.46 46706.79 29564.45 28752.26 46873.31


47766.07 50685.86 44846.28


NA


NA


40595.46 38259.89 42931.04


556497 552205.2 560788.8


138101.8 169851.6 105788.8 148191.7 176569.3 104497.9 128011.9 163133.9 107079.7


642792.5 963215.8 569741 463597.7 642787.3 990341 622795.8 642797.7 936090.6 543422.8


222035.4 206011 223986.9 223805.8 205102.8 243367.3 220265 206919.1 204606.4


1681084


NA


NA


860684.5 652686.6 649938.8 916909.6 641567.4 804459.4 663805.8


145541.2 153435.8 77843.14 140509.4 155846.9 150573 151024.7


1531983 2248438 2739913 1790000 1409260 2113332 2771684 1594962 1654706 2386237 2708143 1985038


96373.44 54004.31 103280.4 48493.47 94848.43 59515.15


NA


36360.53 38525.73 34195.33


NA


1055368 1034105 1076630


458996.2 238903.1 477309.5 257580.5 440682.9


119814.4 66844.47 116776.2 65764.06 122852.6 67924.88


62639.04 70901.43 59571.26 68901.45 65706.82 72901.42


NA


1046170 1152784


NA


515594.4 523228 507960.8


NA


NA


95010.23 57217.31 93232.02 57882.16 96788.44 56552.46


43839.4 48791.66 38887.15 36997.55


362955.7 203120.2 356995.9 201029.6 368915.6 205210.8


506412.8 497904 326408.1 514921.7


NA


NA


403883.5 436958.9 370638 370808.2


170385.8


NA


52446.6 37829.82 49819.44 39263.04 55073.75 36396.6


303544.4 283189.2 289858.4


833806.1 818371.9 837158


470493.3 360823.5 484644.6 352041.9 397313.8 456342


165472.8 167157.8 163787.8


466317.2 481749.8 450884.5


1118067


74678.04 107815.3 75285.93 100726.2 108536.8 74070.16


NA


NA


NA


NA


NA


351216.5


531167.3 536336.6 525998


NA


32196.89 32902.25 31491.52


41015.27 41747.15 40283.39


NA


599490.8


NA


NA


NA


NA


NA


92695.61


132540.6 139935.4 125145.8


39622.03 39738.49 39505.58


236890.5 237414.8 236366.3


160545 160721.9 160368


NA


NA


NA


NA


NA


93836.97 98037.35 89636.6


NA


48906.17 47162.71 50649.64


NA


NA


NA


197671.7 206912.8 232978.4 220073.3 271146.6 284603.5 197765.3 145417.1 181353.3


2490118 3244630 3057723 2984506 2497155 3161989 3050611 3011861 2483081 3327270 3064835 2957150


842096 536543.1 875358.6 530079.8 808833.4 543006.3


2587958 2422136 1788080 1615022 1291843 2658437 2441183 1770424 1654996 1268989 2517479 2403090 1805735 1575049 1314696


1088961 1447721 1035646 1272879 1142275 1622562


336737.1 178980.2 273807 192326.1 345499.2 168382.6 281790.1 199241.8 339523.7 189577.8 265823.9 185410.4


1096755 1197549 1422779 1162382 634087.8


256437 206569.5 270127.2 204780 242746.9 208359


NA


NA


NA


79783.01 81306.98 78259.04


36010.21 39197.91 32822.52


NA


NA


133615.7 95952.98 131475.5 135755.9


342932.7 379570.2 306295.1


NA


410277.6 344875.3 418244.8 339084.5 402310.4 350666.1 286143.6


44980.48 45139.71 45301.57 40609.38 45544.19 53066.83 44441.2 44840.66 40418.38 45251.48 36894.12 45838.23 45762.47 40800.39 45836.9


NA


191729.1 208273.3 175184.9


NA


NA


984610.3 882911.9


616744.2 568950.6 606692 793590.7 653562.9 636362.1 586356.9 825794.3 579925.4 501539.1 627027.1 761387.1


NA


799073.7 957119.8 641027.6


246451.8 250756.4 242147.2


NA


NA


338515.2 249564.7 239211 323602.6 224215.7 321630.5 247464.1 223394.9 331763.4 220369.5 365593.1 277282.8 255027 315441.8 228061.9


142122.9 185203.9 273483.4 157062.1 138344.8 191162.9 294763.5 155960.8 145901 252203.4 158163.4


66484.35 63207.53 69761.18


NA


NA


NA


NA


NA


NA


NA


NA


26225.98 28308.64 24143.31


NA


25312.72 23356.23 27269.21


329055.8 444203.5 338999.1 312225.4 428128.7 390615.2 345886.3 460278.4 287383


323638.6 524346.7 242112.7 356544 479019.8 273731.3 335593.6 339724.4 511019.7


176912.1 234523.7 270770.3 200970.4 275492.7 165910.6 207896.6 239841.3 271338.6 197932.6 253530.7 169136.1 145927.7 277686.9 237590.6 270202 204008.2 162685.1


NA


492120.6 490506.3 451238.3 509685 502129.3 484558.1 478305.9 460286 587711.5 499683.1 502706.8 477679.8 559084.1


426009.5 443809 408210


NA


NA


NA


NA


NA


NA


NA


NA


NA


NA


NA


NA


NA


51966.52 52587.7 51345.34


267468.5 264826.7 189313.1 270110.4


NA


311408.3 311761.6


NA


NA


680823.5 672524.6


659787.8 679246.2 663930.4


147517.1 141205.8 153828.3 112771.7


NA


NA


NA


217934.3 206624.5 202999.2 269273.2 203537 259391.5 166595.3 209712 167699.1


NA


NA


NA


450598 449941.2 451254.8


NA


NA


32413.22 33419.5


289167.6 302588.3 275747


55418.75 66175.29 58847.96 67678.09 51989.53 64672.49


254343.8 253679.6 255008.1


409568.1 457021.8


408294 432318.2 384269.7


NA


54761.16 57805.69


370485.8 736639.8 371478.4 723350 369493.3 749929.5


187474.8 196761.9 178187.8


203185.9 458693.2 200684.9 430506.5 205686.9 486879.9


45133.67 46314.01 43953.32


272792.8 131587.4 122446.1 271665.3 127330.5 126383.2 273920.2 135844.3


NA


607353.2


NA


NA


230112.6 203311.8 256913.3


NA


NA


206776.6


NA


NA


693677.4 714942.9 292080 672411.9


18258.9 15141.16 19671.73 25528.26 18427.97 18477.49 14574.6 19585.46 24177.07 16776.16 18040.32 19758 26879.45 20079.78


179050.4 400862.8 387509 380944.4 193392.2


182170.4 161120.3 167772.4 234390.5 235892.8 175694.3 154859.8 266166.9 138948.2 146546.2 180685.1


NA


7807270


NA


NA


NA


122578.6 114127.4 131029.7


NA


351026.8


NA


53521.12 55764.76 51277.49


54480.14


386389.5 498032.8 357859.5 372442.6 541933 361506.4 400336.4 454132.5 354212.6


NA


NA


252061.2 167048.9 260453.6 171311.4 243668.8 162786.3


NA


NA


NA


NA


NA


46061.81 46369.69 45753.92


93354.87 94579.72 92130.02


NA


163598.7 152668.2 174529.2


NA


NA


NA


NA


NA


NA


NA


NA


NA


NA


NA


69725.22 70867.23 68583.22


125807.9 125828 125787.8


NA


1439276 1813701 1374003 1670929 1504549 1956473


158590.4 160025.4 157155.3


46608.99 38494.91 37727.16 48241.5 40380.13 38585.35 44976.47 36609.69 36868.97


1530408 901392.8 1196207 1504154 897554 1202376 1556661 1190038


349025.1 344384.7 353665.5


1066798 1246093 1163299 2150982 1680314 1056158 1251707 1150417 2243521 1773257 1077438 1240480 1176182 2087776 1609703 1287175


1433477 1428470 865151.2 1438483


124239.6 126028.5 122450.6


3646115 2884027 4445562 3220409 2986146 4433601 4071821 2781908 4457523


1232305 1650861 886947.8 1231646 1706350 1232964 1595372 933617.9


1486299 1386477 1586121


357282.9 362254.3


90285.55 89228.79 93970.83 93087.77 86600.28 85369.81


NA


1612283 1303007 1114336 1690293 1410996 1158837 1534273 1195019 1069835 693207.7


43047.68 47979.17 43049.54


151627.8 149813 153442.5


NA


NA


NA


5521271 5531244 5199072 5498891


825617.4 903724.7 799953.4


201981.3 204152.1 199810.5


NA


2135061 2119568 2150554


114551.3 124454 121013 127529.6 108089.5 121378.5


416393.1 397307.5 435478.7


3074601 2075245 1861819 2979224 2130001 1775523 3169978 2036792 1948116


NA


753294 838916.9 667671.1


NA


NA


NA


821282 806436.4


101653.2 87436.89 108700.6 72733.95 94605.66 102139.8


84520.85 82838.94 86202.76


49770.68


NA


NA


NA


NA


368205 467627.3 514954.9 390267.8 372045.6 479934.8 504361.4 392739.9 364364.4 455319.7 525548.4 387795.8


475492.8 693080.3 772509.5 498394.9 671047.3 869323.2 522689.3 501725.8 715113.2 675695.8 519239.7


1950518 2046136 1854900


63702.12 68046.12 59358.12


311950.4 312732.9 336755.2 308612.1 287145.7 316853.6


3450418 3641835


NA


NA


75714.52 143811.8 138394.5 112285.3 94331.45 72364.39 139673.6 128037.4 100843.3 101834.2 79064.65 147950 148751.7 123727.3 86828.7


NA


651799.9 594065.6 347976.4 678697.7 581844.3 356278.5 624902 606286.9 339674.3


NA


NA


NA


1026305 1575171 1537384 1768983 981412.5 1538224 1516615 1757986 1071197 1612118 1558154 1779981


NA


535624 689672.4 538687.2 684000.7 532560.8 695344.1 759203.6


13343.45 16936.57 12471.92 19593.68 14214.99 20939.15


315823 302437.2 298160.9 310309.4 333485.2 294565.1


NA


129965.6 131118.9 128812.4


48860.86 48008.31


5005521 5045975 5015009 5272203 4996032 5216419


NA


NA


NA


2295870


177330.3 227866.9


NA


227871.7 223393.4 232349.9


NA


NA


NA


49650.53 56954.66 51403.59 51698.46 62505.73


NA


NA


220070.1 217591.8 222548.4


1319686 1266923 1372450


1555629 1536271 1992815


NA


NA


282304.8 352603.1 314418.9 305025.3 250190.7 400180.9


1207769 910758.6 1211475 889971.2 1204062 931545.9


631901.2 788281.7 724298.9 632164.3 522503.9 821356.9 787934.9 484627.6 631638.1 755206.5 660662.8


239912.9 298952.7 270165.2 412476.4 237465 304457 285819.3 443530.2 245689.5 293448.4 254511 381422.5


567556.4 607997.8


NA


81611.63 102508.7 81100.58 80164.82 102846.4 77603.75 83058.44 104334.2 84597.41


170319.5 158795.7 172748.9


NA


NA


NA


NA


NA


NA


NA


NA


NA


47358.63 49374.35 45342.9


NA


NA


NA


408951 301985.9 429720.6 324158.7 388181.4 279813.1


NA


NA


NA


256292.1 193894.2 269572.8 194477.9 243011.5 193310.5


NA


NA


NA


48716.45 45216.96 52215.94


NA


NA


NA


NA


NA


NA


NA


95699.52 99853.66


NA


NA


NA


188123.6 364635.4 178854.9 410009.7 415587.2 183675.8 378058 181160 411859.3 422272.7 192571.4 351212.9 176549.8 404408.8 408160.2


NA


1099013 1137604 1059789


NA


NA


NA


NA


NA


55670.16 23975.77


NA


NA


140248.4 123798.9 207241.9 95967.06 127253.4 181229.4 127542.8 140513.5 132253.6 203814.9 96784.94 136134.2 195518.9 118728.5 139983.3 115344.2 210668.9 95149.17 118372.6 166939.9 136357.2


80755.97


NA


NA


NA


NA


NA


1168983


NA


34104.42 31341.55 36867.3


59978.87 58999.81 60957.92


258888.6 139932.6 263713.7 144382.4 249893.7 135482.8


809915.5 827985.2 890782.3 791845.8


NA


4964220 2157632 5258552 2181633 3118647 4860920 2133631


52095.96 60607.67


2080237 2116798 2085842


NA


240606.6 177634.9 228537.3 177864.9 252675.9


528324.9


NA


509906.2 500411.1 519401.4


NA


2501435 2494515 2508355


2808925 2769152 2848698


NA


NA


NA


NA


NA


NA


317126.7 354758.7 279494.7


329974.3 335788.1 324160.5


NA


92148.91 91582.68 92715.14


NA


NA


NA


68383.56 67044.17 69722.96


NA


NA


104638.6 103023.6 106253.6


NA


NA


NA


NA


3269200 3282145 3256255


NA


NA


NA


NA


1353348 1141395 1333598 1228148 1373099 1054641


NA


NA


212833.1 261046.4 216336 265185 129235.8 209330.1 256907.7


439060.5 437174.4 440946.5


NA


NA


921735.5 882163.2 961307.7


41998.55 36113.54 47883.56


66656.01 61753.42 72046.58


NA


238820.4 213909.4


716437.2 764826.2 668048.3


878408.8 835307.3 841492.5


NA


NA


NA


NA


51237.27 49764.66 52709.88


NA


NA


NA


750268.6 684471.8 756688.9


391548 373145.5 409950.5


187953 211015.5 363915.5 197141 210036.8 361111.7 178765.1 211994.2 366719.3


350066.5 234856.5 173073.9 362313.2 238491.4 337819.7 231221.5 174825.5


NA


146348.3 269382.8 199700.7 260158.9 214927.3 151368.2 262900.6 200785 265704 239162.2 141328.3 275865.1 198616.4 254613.8 190692.4


101049.8 106615


217229.7 227977.5 206481.9


210677.4 349393.1 215099.1 275607.3 193358.4 329731.5 206513.3 261720.8 223624.3 369054.6 223685 289493.9 227891.1


219795.8 233932.6 140148.2 228000.1 238872.2 160046.6 211591.4 228993 120249.7


NA


NA


7567273 7820768 7313778


NA


NA


NA


7831980


NA


55501.56 57521.91


144193.8 97413.07 149778 145883.1 131532.3 100053.2 169411.3 158304.8 156855.3 94772.96 130144.6 133461.4


43617.43 49107.63 55715.66 47713.77 39179.02 55270.76 39521.09 59036.23 56160.56


NA


NA


NA


756639.2 702101.8 811176.6


NA


258494.4 264358.8 252630.1


136689.8 141323.7 132055.9


NA


NA


35115.93 25781.81 44450.05


NA


NA


586823.9 1216908 586027.4 1091583 587620.5 1342232


122926.3 262349.5 127839.3 263012 261687


193702.6 277301.9 202944.4 177265 264004.8 201371.9 210140.2 290599 204516.9


315117.6 219532.1 239589.9 297208.5 221571.8 243079.8 333026.6 217492.4 195574.3 236100


NA


180245.8 188442.4 172049.3


55418 57674.78 53161.21


510824.3 832029.3 835000.9 482501.1 913126.9 819000.9 539147.6 851000.9


486437.6 590833.8 491275.8 602803.2 481599.4 578864.4


NA


NA


531590.3 532228.8 530951.8


NA


NA


NA


1878091 1859743 1896439


927014.6 739484 960518.9 935448 746234.3 979727.4 926724.9 732733.8 941310.4


1191473 1249762 1133183


1151453 1164969 1137937


25862.57 23311.29 27479.2 23416.41 24245.94 23206.17


191308.3 197992.1 374416.9 184624.4


NA


310730.2 324365.4 285422.9 351035.7 336037.5 297695.2


38960.22 38381.78 39538.66


NA


NA


NA


NA


47663.02 49488.97 45837.07


NA


65816.48 75942.55 70499.99 68924.11 61132.98 82961


NA


NA


NA


225812.8 222042.3 229583.2


234895.6 238673.4 231117.8


165741 143627.1 187855


NA


362944.6


NA


NA


NA


NA


NA


1865170 1762684 1967655


161921.8 160354.5 163489


272182.9 297431.8 246934


116127.4 93947.34 105846.7 94782.07 126408.2 93112.6


NA


NA


66650.35 64618.42 68682.28


NA


NA


32137.41 25359.68 29244.49 26205.09 35030.32 24514.27


NA


219968.5 173946 228772.5 166614.7 211164.5 181277.4


99181.96 95967.87 102396


NA


243633.4 239731.2 247535.6


335844.6 315472.2 372439.1 344223.8 294306.7 372801.6 333561 336637.6 372076.6


NA


NA


NA


99331.72 101737.2 114525.6 105757.9 100028.6 84875.64 99936.44 92905.54 103445.9 129114.7


75117.35 58286.63 69962.31 57089.37 80272.39 59483.88


NA


264661.6 584006.8 335987.1 600694.4 337479.7 273158 567319.3 334494.4


213152.7 208072 159652.6 218233.4


35614.69 34946 36283.39


70732.21


196385.6 237558.4 155212.7


118988.1 111733.1 126243.2


136453.4 123404.4 138225.2 134681.5 145994.2


77352.81 83027.62 71677.99


NA


NA


NA


150743.6 273972 157053.5 293058.1 144433.7 253158.9


NA


1749496 1776025 1722967


NA


NA


131684.1 133801.5 129566.6


NA


NA


NA


NA


355169.5 332650.8 377688.3


NA


NA


NA


NA


NA


513344.5 519674.1 507014.8


137011


304014.5 341555 266473.9


66038.04 69579.53 62496.55


81859.02 64707.69 73452.37 61304.14 90265.67 68111.24


NA


NA


NA


NA


1921661 1761917 1510371 2081405


669554.7 704749.3 658894.2 782486.1 680215.3


NA


96410.34 109091.4 92209.21 48731.92 113691.1 100611.5 104491.7


21799.04


613987.9 368052.3 318035.1 506449.6 317250.9 590964.3 355027 317801.5 553799.7 322234.8 381077.6 318268.8 622306.2 459099.6 312267


NA


NA


11392946


315191.1 230026.4 243394.2 310071.3 235614.5 251518.8 320311 224438.3 235269.6


401341.2 268331.5 269097.9 371252.8 260332.1 256114.6 389118.1 276330.9 282081.3


28890 43518.85 26770.5 44154.61 31009.5 41338.87


NA


131306.1 133308.6 129303.6


NA


85799.39


205097 211924 237745.3 225334.8 172448.8 198513.2


NA


NA


334770.4


NA


NA


NA


241013.4 321975.1 240489.7 250747.5 289976.3 255187.4 261999.4 353973.8


617467 587388.4 640739.5 581085 594194.4 593691.9


NA


132255.7 200015.9 131285 194295.7 133226.4 205736


NA


NA


117057.6 121863.1 120572.2


300236.3 283585.6 316886.9


NA


1937423 2329115 1430886


1840346 1998187 1682505


115830.3 139104.1 200560.7 115541.7 147528.9 203438.2 100235.4 116118.8 130679.4 197683.2


NA


NA


1857428 1927013 1814319


NA


1290153 1944803 1256594 1382074 1032772 1930166 1337006 1282258 1959440 1176181


1263724 1293109 1234339


598340.7 573055 623626.5


111341.7 115867.5 106815.9


NA


912592.7 951992.8


330356.4 669368.8 559065 315627.4 688213.5 556071.8 345085.4 650524 562058.3


11302829


NA


NA


NA


NA


21482.52


118156.4 125421.3 110891.6


NA


NA


NA


NA


NA


NA


NA


494580.4 515259.6 471644 473901.1


NA


259755.4 249753.1 269757.6


NA


NA


NA


519481.5 547832.5 491130.5


2244851 2067999 2281652


488227.6 490226.6


125076.2 81257.65 123223 141012 94568.73 126445.4 114679.7 135939.7 91903.63 131713.5 89783.31 131766.3 146084.4 97233.83


49340.8 49926.28 47271.73 54030.12 51409.86 45822.43


NA


NA


NA


2926676 1580512 3031652 3053729 1477830 2821700 1683194


44346.16 49278.79 39413.54


51560.29 89259.98 104942.6 83633.72 109054.7 54011.76 94886.24 111003.3


NA


NA


NA


NA


NA


NA


NA


NA


2803621 3096108 2511134


NA


NA


160987.7 168260.7 147417.2


482861.5 469356.2 496366.8


NA


NA


NA


NA


NA


NA


NA


93374.35 90324.19 85799.15 92286.94 100949.5 88361.44


NA


NA


107589 147654.8 119501.6 162571.1 95676.4 132738.5


NA


NA


NA


49313.57 50909.61 47717.53


NA


348068.5 340610.2 168624.2 355526.8


228793.3 237266.4 220320.3


NA


NA


NA


NA


159143.8


NA


NA


NA


NA


NA


961858.5


NA


2903887 2848194 2959581


NA


NA


NA


73459.99 85480.31


NA


NA


NA


NA


NA


416943.7 373334.4 269610.3 381202.5 375801 261975.9 452685 370867.9 277244.7


272276 235695.6 213986.8 265360.9 223442.8 279191.1 247948.3


NA


1171499 1200141 1142856


148593.9 143641.1 153546.6


NA


NA


409282.5 412076 406488.9


NA


265428.4 175310.9 272535.7 258321 197516.9


298386.4 346585.1


NA


149672.9 181427.4 134103.9 184066.7 165241.9 178788.1


NA


230749.3 223038.2 215560.7 237741.8 245937.9 208334.7


298561.7 296315.8 300807.7


NA


NA


NA


NA


NA


30649.58 20068.33 31842.49 14257.9 18134.27 29456.66 22002.39


NA


32338.65 31678.61 32998.7


NA


50014.12 48494.43 51010.16 44808.5 49018.09 52180.36


NA


198807.3 205758.7 191855.9


NA


NA


NA


153281.4 83367.16 78668.57 148002.1 86954.28 77583.19 158560.7


131672.9 124664.9 141734.2


222721.8 224916 220527.7


NA


NA


NA


NA


NA


NA


65332.4 53568.99 44276.26 77095.81


4734463 4110922 4620858 4332385 4848068 3889459


285962 301150.5 265044 262737.4 306879.9 319166.2


206700.5 424155.6 212950.6 411948.8 200450.5 436362.4


310747.3 373347.7 394066.2 327214.4 395187.9 294280.2 380038.9 392944.6


NA


417019.4 414405.4 419633.3


NA


NA


NA


NA


NA


272109.6 271192.6 273026.7


1871125 1992779 1749471


NA


2657621


338543.3 330946.6 346140


442785.5 360038.6 350892.1 440479.6 355219.2 349207.4 445091.5 364858 352576.9


NA


NA


164642.7 142428.4 163121.7 138731.1 148805.5 146125.7


NA


NA


NA


NA


286803.4 391845.8 287554.8 338682.7 286051.9 445008.9


1427255 1221066 1633444


3206858 1770151 3270813 3142902


806047.1


NA


NA


2373540 2615493


192670.9 221326.4 164015.5


NA


120045.2 63028.89 120071.2 120019.2


1568309 1550475 1435808 1569806 1566812 1479540


NA


525852.3 526583.3 403556.2 539337.7 526746.5 404886.6 512366.9 526420.2 402225.8


175616.6 186852.6 164380.6


NA


NA


NA


101326.9 100591.7 99490.75


173053.1 124895.7 165844.6 123793 180261.6 125998.4


NA


569993.1 575299 792067.1 564687.2


NA


619447.5 620047.2 618847.8


NA


275045 368050.5 523414 312490.6 354418 526899.7 237599.4 381683 519928.3


NA


NA


NA


NA


147601.4 167613.3 171677.9 173930.6 120791.6 161296


NA


61680.19 54508.08 68852.29


NA


51130.36 56998.53 50055.6 50756.53 52205.12 63240.53


NA


NA


NA


NA


29332.6 26173.62 32491.59


NA


NA


NA


NA


NA


NA


NA


1093608


NA


118473.1 115872.3 99610.63 121073.9


NA


NA


62570.77 62920.07 62221.46


NA


NA


NA


NA


NA


NA


2279391 2694480 2132346 2426436 2632418


355586.4 357889.2 340183.4


575533.6 816536.1 559874.8 800070.6 591192.4 833001.7


21501.06 24766.99 18020.45


NA


NA


272573.1 316454.3 431232.8 282734.5 290165.4 327950.8 442725.8 280990 254980.7 304957.9 419739.9 284479.1


251774 171173.8 239541.2 172387.8 264006.8


1180040 1190945 997878.1 1169134


1282406 1005669 751345.4 761884.8 644902.3 1092447 1253856 932116.7 728054.5 758490.5 664312.7 1084328 1079220 765279.1 625491.8 1100567 1279529


520388.4 457057.2 583719.6


214527.3 159626.8 268683 234491.4 178273.9 221807.2 152923.9 296332.4 219848.5 207247.4 166329.7 241033.5 249134.2 193118.9


767348.4 1288265 1566142 755154.9 1382186 1513449 779541.8 1194345 1618836


1240586 1174584 1306587


1359522 2091672 1256097 2184425 1462947 1998919


1822965 1288180 1225739 1718580 1267368 1210782 1928562 1308992 1240696


509190 1061678 520625.6 512741.5 434700.1 960700.8 505638.4 1162654


1708565 1557612 1506980 1690188 1968274 1661736 1457780 1525197 1141004 1754950 2063481 1755394 1657444 1488764 1625427 1873066


3374723 3507556


1711257 1810855 1611659


5871634 6147833 9354476 5595434


2283235 2259516 2306954


15357498 7795868 15712246 7919785 7671952


NA


4282600 3650764 4131004 4501311 3737804 4253158 4063889 3563724 4008851


NA


364857.8 374132.6 355583


2165732 2336564 1994900


NA


NA


6197851


NA


NA


1197833 1143276 1252391


86770.87 82675.78 90865.96


737512.2 712357 762667.4


NA


2499167 4982435 2663120 2104860 3458662 3734979 2808189 2857121 5577715 2556025 3045633 2947114 4773728 2770214 2885707 4424326 2669264


71383.4 73739.83 69026.96


1203319 1545200 1310173 859897.6 1254057 1591368 1264280 1668291 1185714 1499032 1047037 1356066 894122.3


35797.02 34453.35 37140.68


258925.2 260842.8 293569.8 257007.7


NA


NA


NA


NA


NA


1175365 1209681


3917008 3974096 2640517 3112161 3913064 4062172 2397224 3439223 3920952 3886019 2883810 2785100


NA


NA


NA


97147.64 98318.3 95976.99


NA


NA


NA


NA


NA


NA


NA


875483.9


185880.9 192340.8 149032.6 149899.4 188258.5 144251.3 196423.1 219502.2 153813.8


NA


NA


NA


1585842


864246.3 720731.8 859921.6 686062.7 868571 755400.9


NA


551809.3


139507.4 114502.9 162317.1


NA


NA


764509.4 767177.6


2939768 2913823 2907647


185128.7 263068.7 178087.4 267596.2 192169.9 258541.1


104461.6 107221.6 101701.6


588482.2 867571 938340.3 655691.5 796801.6


NA


NA


591274.1 578374.3 604173.8


496698.6 526663.2


NA


176068.5 163283.2 113902.4 188853.7


532915.1 922766.1 991855.5 582985.1 980889.2 947863.9 615111.8 523228.7 747776.2 864643 1035847 550858.4


878246.5 921375.5 835117.6


10277.27 12372.7 8181.836


1767314 1694481 1840148


320126.4 348566.6 291686.3


NA


NA


95916.92 97099.8


267174.5 257382.2 111116.6 276966.7


NA


378133.2 623509.7 409525.8 580923.2 346740.6 666096.2


1201380 1231228 1171532


NA


3093435 2885905 3013503 3033544 2662336 3173366 2738267


2863354 3090376 2825245 3085548 2901462 3095204


NA


276568.4 266898.1 265596 266892.8 287540.8 282778.1


158248.5 153524 161188.2 143698.7 155308.9 163349.4


NA


14567.56 15153.98 13981.14


2074004 2379686 1597315 1181915 2323950 2108869 1639301 2366686 1555330 1212924


46330.31


1048372 1074596 1022149


127168.4 147113.9 107222.9


249892 262715 237069


NA


NA


NA


332782.4 347101.4 355984.2 346018.8 309580.5 348184.1


NA


45570.96 43458.77 47683.16


NA


106506.3 105150.9 107861.7


22338.66 24372.29 20305.03


6907.346 7853.293 5961.399 4297.531


NA


165063.1 174143 155983.2


60589.43 65337.16 55841.7


212370.9 213230.5 222112.2


NA


1483199 1369299 1597098 1337550


NA


1515658 1574501 1456814


NA


148559.5 173884.9 207392.6 132605.9 144523.4 183730.1 219107 136795.5 152595.6 126928.2 164039.8 197204.1 128416.2


53949.58


NA


106203.1 97832.7 114573.5


175672 179199 172145


NA


294830.1


NA


136916.8 142121.9 131711.7


NA


NA


497253 486899.7 507606.2


2187965 905320.6 2058672 2243307


NA


703800.3 681737.8 688434.6 687272 719166.1 676203.6


NA


2672245 1913248 2622214 2197174 2722276


1762061 859627.8 1795407 1724110 926759.6


486869.1 472035.2 518220.4


459384.2 447583


212013.3 214280.8 209745.7


NA


77815.47 71050.33 89712.13 62718.02 75862.73 86273.53 92912.91 66237.94 93150.73


NA


NA


79358.35 62336.07 59525.79 61180.06 81360.29 57678.75 62016.67 61087.67 77356.41 66993.4 57034.91 61272.45


126273.7 135742.3 116805.1


NA


NA


48798.49 64713.75 58747.33 46413.73 69266.48 60506.26 51183.25 60161.01 56988.4


NA


1445403 1914360 1340452 1384524 2969782 1612568 2025182 1342221 1520471 2455012 1414818 1374233 1810057 1338682 1248578


NA


925666.2 845057.6 1155555 960112.7 1284986 939450.9 855214.3 891219.7 1030869 1026125


NA


NA


NA


269416.7 323783.9 259687.4 320963.7 326604.2


NA


114127.5


392231.5 357389.1 427074


26506.07 22671.5 45861.86 45343.01


NA


NA


NA


NA


NA


22771.76 21648.43 23895.09


75245.53 73726.76 76764.31


25972 27333.53 24610.48


NA


NA


432651.7 431781.8 445050.5 503985.6 420252.8 359577.9


NA


99088.12 96037.33 102138.9


NA


354426.6 190168.1 338016.1 255038.4 323287 159094.5


62272.64 59996.56 64668.49


NA


NA


NA


NA


NA


NA


NA


28824.98


154552.6 152597.3 156507.8


200038.2 209464.7 190611.7


NA


NA


NA


NA


NA


NA


1016400 1060841 961964.5


9227562 5092000 9220034 6267827


NA


NA


NA


NA


685111.2 727126.9


NA


4019471 3997376 4041567


NA


111649.7 104797 118502.5


208794.1 162172.2 193970.9 152287.1 223617.3 172057.4


144902.7 148979.2 140826.2


2581802 2619769 2543835


589246.5


NA


13528.76 14159.85 12897.68


472176.9 264783.6 495614.4 271763 448739.3 257804.2


174307.9 141455.5 175089.8 141522.5 173526.1 141388.6


94509.13 104015.9 85002.39


166572.1 160458.3 213129.3


27322.78 32076.57


211498 199056.2 223939.8


147764.6 129828 143275.2 133948.9 152254.1 125707


868138.1 1019325 1102496 882985.7 1021268 1044945 853290.6 1017382 1160047


NA


NA


135185.4 150864.8 119506


NA


780125.1 815671.4 774401.5


107729.5 177692.4 200371.7 246241.6 253066.4 120049.6 147746.8 173159.2 186159.7 246448.4 251907.8 118221.9 149102 122429.6 182225.5 214583.7 237710.9 254225 121877.4 146391.6


713922.5 727042 695687.2 731833.1 317870.3 732157.9 722250.9


483481.4 361543.7 285477.9 472502.1 346403.6 353397.5 488829.8 376683.8


389125.2 381111.1 397139.4


232184.7 232917.4


NA


2580692 2641355


3903759


1178364 1337085


907793 885261.7 930324.3


87155.32 86413.98 83393.43


63052.62


235774.8 244220.2 227329.4


102439.9 105699.1 99180.65


NA


898108.9 1201630 757579.8 828704.2 832820.4 967513.6 1230544


135719.7 88280.28 159455.4 96426.8 133976.9 91038.61 161887.2 89862.75 137462.6 93036.74 157023.6 102990.9


NA


NA


NA


144095.9 128203.9 159987.8


NA


NA


NA


NA


NA


NA


NA


252633.2 227293.8 277972.6


665884.2 1043018 1157174 1063450 696436.5 1058758 1137303 635331.9 1027277 1177045 1156121


977675.7 956502.3 713357.1 977858.5 1035293 977492.9 877712


22214.37 24571.62 19857.11


NA


262137.9 314578.9 171674.1 267059.1 297468 171738.7 257216.8 331689.9


NA


NA


NA


17746.68 19786.75 15706.61


26811.66 26850.96 26772.36


NA


NA


NA


NA


NA


NA


344027.7 298461.7 356860.1


3700575 2856324 3578259 3033567 3779679


108236.8 119404.4


60731.02 60183.87 61278.17


NA


92972.26 87021.09 95791.21 88685.88 90153.32 85356.3


14595.25 12818.29 16372.22


NA


330682.1 358052.7 303311.5


29573.59 29646.52 29500.66


NA


90817.95 136238.3 94960.05 143713.8 86675.85 128762.8


113591.1 54196.41 113344.1 113838.1 52063.91


207861.9 158928.7 264710.9 127650.6 161087 124867.2 245195.2 203717.3 155772.5 130211.3 166128 122785 212006.4 162084.9 255682.7 125089.8 156046 126949.4


79390.5 78383.15 80397.84


95848.3 88354.99 84222.74 98533.41 63144.94 56820.88 92652.39 80073.55 95032.08 57183.15 50279.07 61264.79 99044.22 96636.43 89505.26 94129.51 69106.74 52376.96


NA


107852.5 108882.5


NA


36614.87 33457.65 39772.09


63069.92 37097.98 68547.14 52164.19 63020.99 38151.68 63578.07 53724.26 63118.84 36044.27 73516.2 50604.12


73513.78 82306.8


NA


85001.16 118832.9 71038.57 124926.3 98963.75 112739.5


110712.6 148168.1 113060 143184.4 108365.2 153151.8


NA


NA


NA


150681.5 76447.44 73490.17 154600.8 81814.51 79404.71


527624.7


NA


NA


1369653


NA


NA


NA


NA


347601 314655.5 380546.4


64078.71 57358.24 70799.17


NA


78622.19 77773.6 79470.78


NA


NA


274483.5 276210.6 272756.5


NA


NA


594891.1 496918.3 692863.9


NA


20729.51 19966.22 21492.81


213351.6 143676.9 219352.2 123028.4 175296.9 212319 142973.3 213439 129682.4 178649.6 214384.2 144380.5 225265.4 116374.3 171944.2


642766.9 543029.1 680826.3 483311.6 524713.8 603188.9 602746.6


190617.7 175155.4 206080.1


60141.2 60050.42 60231.98


NA


NA


NA


157768.3 167907.8


1539475 2460765 1839229 1135043 1067838 1477467 2428349 1869578 1184962 1103789 1601483 1808881 1085124 1031887 2486552


NA


NA


NA


302989.2 258548.7 449142.5 497748.8 322816.6 490455.7 588996.5 287745.6 260705.8 407829.3 406501


NA


NA


NA


33847.21 34570.91 33123.52


NA


NA


2458086 2634052 2282119


171680 104949.7 111040.6 171529.5 103702.1 104193.5 171830.4 106197.3 117887.6


7259635 6968410 7550860


NA


NA


NA


NA


494380.9 371589.2 472251.7 408438.2 516510.2 334740.1


75478.64 138255.5 70807.72 157847.3 80149.57 135862.3


NA


826350.8 760465.9 892235.6


NA


40551.6 37472.88 43630.33


NA


NA


NA


NA


NA


NA


469277.4 626782.5 437979 643790.7 500575.7 609774.2


21255.89 20047.47 22464.31


NA


NA


19400.66


49003.73 50295.51 47711.95


NA


1181081


3011666 3135385


410216.2 441433.7 357776.2


NA


NA


NA


NA


190309 158628.4 118549.2 221989.7


NA


73010.38 77452.23 67853.23 81121.8 78167.54 73782.66


NA


NA


NA


NA


NA


NA


71913.24 70053.01 73773.48


NA


117315.2 118275.4 116355.1


85902.26 80474.97 91329.54


224533.9 136855 227821.3 151820.3 221246.5 121889.7


1641393 1585088 1526990 1642938 1755796 1584803


NA


349494.6 349311 349678.2


22007.34 22701.48 21313.19


60096.9 62989.31 55297.26


NA


NA


NA


93287.5 70838.98 94154.89 79901.8 92420.11


NA


88733.22 80090.92 97375.51


154714 153546.5 252081.9


NA


85286.23 85601.68 84970.78


54464.98 64223.35


NA


NA


NA


NA


NA


233922.2 250477.5 205692.3 272718.7 262152.1 228236.2


139111 133901.6 144320.4


137340.7 131483.8 143197.5


NA


NA


NA


NA


NA


98496.62 67424.79 97745.59 70666.45 98566.42 64183.14


536590.4 612522.6 801516.5 573375.8 616851.9 749942.8 499805 608193.2 853090.2


NA


NA


762690.4 796019.7 729361.2


NA


NA


NA


454968.6 417117 406692.4 452732.9 400660.7 412714 457204.2 433573.4 400670.8


NA


125775.7 142239.1


NA


339005.4 229071.6 346048 234340.7 331962.9 223802.4


NA


453870.7 427999.1 467319.3


NA


2360115 2037039 2864776 2567310 2422755 1799356 2959270 2725809 2297474 2274722 2661689 2408811


NA


209986.9


NA


NA


361369.1 346785 375953.3


481388.8 463798 498979.5


NA


NA


137207.2 151764.6 139397.9 158264.1 135016.5 145265


181525.4 280545.9 178558.4 284125 184492.5 276966.7


NA


273962.7 192295.7 287095.9 202914.5 260829.5 181676.9


389223.2 384879 393567.4


2204822 2227080 2182564


896533.2 869162 923904.4


1332356 1127106 1303189 1361523 1208694


284064.9 459130.3 275683.8 461671.5 292446 456589.1


177137.2 205019.8 149254.6


106558.5 115910.2 209779 135229.8 120450.1 105000.6 117720.1 227059.9 170299.1 119121.1 108116.5 114100.4 216221.1 121779.1


266744.1 251716.7 281771.5


NA


611183.3 463388.9 592923.6 473167.4 629442.9 453610.4


146997.4 143471.5 150523.2


172356.6 157655.2 177513.1 298187.7 174354 159565.8 170968.8 303299 170359.1 155744.6 184057.5 293076.4


366079 260373.5 358983.8 241089 373174.1 279658


NA


NA


NA


NA


NA


696724.8 641003.3 752446.3


NA


417775.5 330291.6 402071.1 447852.8 312667.4 416307.5 406948.8 347915.8 387834.6


115038.6 68976.11 67284.79 106826.2 116174.4 70667.43


149061.1 156428.8 141693.4


NA


NA


NA


NA


NA


NA


NA


NA


NA


NA


911339.1 943887.7 878790.5


NA


412212.7 426463.1 397962.3


76966.5 75729.06 78203.93


87071.82 91455.4 82688.24


982941.7 2250975 1239991 1549124 2056460 936297.9 2223957 1326207 1599270 2178331 1029585 2277992 1153775 1498979 1934589


3322328 3867441 3998192 3493748 4035123 3820057 2179645 3548029 3699759 4176327


NA


NA


NA


132085.4 132025.6 132145.2


NA


259523.1 247962 280279.9 153829.4 258715.7 227465.6 298088.5 151661.5 260330.5 268458.3 262471.2 155997.3 115677


NA


NA


NA


722906.3 719218.6 726594.1


NA


NA


NA


4300789 4147858


817909 743383.1 876929.4 742195.4 571337.9 846110.2 704382.6 690025.9 630566 855054.3 789707.8 782383.5 820858.3 794364.9 512109.8


149339.5 157764.5 140914.6


29422.33 31578.58 27266.09


NA


NA


3338724 3334787 3342662


65967.42 94878.6 112982.6 95394.83 112968.2 73147.88 94362.37 112997


237180.6 183339.4 291021.8


NA


NA


NA


NA


1201350 873593.5 949403 977168.9 1299245 875759.4 907832.7 1143731 1103454 871427.6 1043286 810606.4


40510.53


NA


NA


NA


NA


1100599 1111760


145914.8 138228.2 144997.1 138005.4 146832.6 138451


94055.79 86022.85 94460.29 86956.32 89794.28 85089.37


NA


908254.5


NA


874587.2 472722.4 865490.2 485556.3 883684.2 459888.5


NA


NA


101699.7 94422.3 108977.1


NA


176874.3 227613.7 204698.2 175721.3 215553.9 199130.6 179168.1 239673.4 210265.8


300979.7 352403.4 386470.5 292006.2 235860.3 302118.6 379922.4 370847.7 258971.2 299840.7 324884.4 402093.3 325041.1


NA


NA


NA


463113.7 792194.3 563512.7


NA


48305.29 48832 47778.58


1367204 2271196 1663197 1383990 2292102 1740901 1350418 2250291 1585492


NA


62103.32 62597.99 61608.65


56800.36 55671.62 57929.09


244502 251956.5 237047.5


74540.94 73065.52 76016.35


44089.71 44114.33 44065.1


228595.2 375491.4 382311.8 255430.3 368671


142750.3 153825.9 131674.7


864947 613175.5 845499.3 702777.9 794704.2 1145051 1191030 1031583 899926.3 719143.9 855092.7 730233.1 818300.5 1158177 1165910 1073749 829967.8 507207.1 835906 675322.7 771108 1131926 989417.5 1078876


167054 159590 83486.54 174517.9


103293.6 103846.4 102740.8


207295.1 204495.8 214296.4


185632.3 343437.8 351718.4 225503.1 335157.2


71230.74 53274.52 78887.41


78431.07 75624.97 56137.85 94236.35 72213.07 57723.73 62625.79 79036.86 54551.98


59567.41 99516.76 63088.3 93998.91 56046.53 93832.74


74201.71 116638.7 116368 97954.29 93648.92 76353.01 113718.4 119293.3 97761.71 101717.4 72050.42 119559.1 113442.6 98146.87 85580.4


241229.4 388506.3 223027.1 378692.5 376837.1 259431.7 398320


359214.1 374878.4 345519.4 335006.9 326298.2 364935.7 375353 325924.2 329987 331095.6 353492.4 374403.7 379450.9 340026.7 321500.8


90795.24 93474.24 88760.9


436388.8 454904.4 417873.2


186715 304618.5 179060.1 181696.2 161762.4 295594.2 191733.8 309164.8 196357.7


131040.2 127198.5 134342.5 134882


198487.6 235741.7 191227.7 229424.9 205747.4 242058.5


84955.26 113962.5 79407.57 61177.52 90194.08 80051.93 114796.7 64451.25 79716.43 105525.1 78763.2 57903.8


36835.66


163820.2 178594.1 163307.2 183255 164333.2 173933.1


NA


NA


826333.2 574142.5 614583.7 839396.2 813270.3


264238.8 277593.1 250884.4


591754.5 608773.1 382098.9 307198.6 577474 596265.3 396539.4 306960.5 617132.1 606035 367658.4 307436.7


71115.2 106254.1 116366.1 76648.01 114187.4 117553.1 86378.73 98320.81 115179.1 57259.98 81100.09


157595.2 103907.5 145739.6 156377.8 113437.2 152709.8 158812.6 138769.3


244742.2 195059.7 231778.9 190310.8 257705.4 199808.7


342957.6 483286.5 349575.7 466899.8 336339.5 466095.3


255870.7 404875.2 251431.9 396281.6 260309.4 413468.7


167329.5 304941.7 164536.6 165895.8 302738.8 165664.8 168763.3 272032.9 163408.4


NA


NA


NA


NA


NA


NA


NA


NA


241479.2 224070.8 258887.6


NA


27002.83 29538.52 24467.14


NA


67163.91 88956.34 68348.88 85937.09 91975.59


1310413 1367275 1253552


157275.4 117625.2 147209.2 155162.4 116238 154653.9 119012.3 159252.4 139764.4


139453.5 140782.9 138124.2


NA


897304.4 895605.8 899003


29011.71


NA


69424.3 72954.7 65893.89


147501.4 141569.7 153433.1


NA


NA


NA


366660.9 383779.6 349542.3


198091.5 158474.4 226671.8 162792.1 169511.3 154156.8


NA


565116.4 711076.9 559208.8 701911.4 700672.9 571024.1


NA


40895.71 40488.75 41302.66


NA


834311.6 852600.7 774297.1


NA


156221 160364.4 152077.6


NA


1022726 1122176 783933 865769.4 1007546 1117875 774576.4 858624.1 1037907 1126478 793289.6 872914.8


547105 534441.8 313990 559768.2


NA


NA


NA


231363.4 239207.6 220488


NA


148417.9 154652.7


859393.2 733646.9 851591.4 724810.7 867195 742483


NA


867279.9


581067 261269.5 632730.4 270909.6 256443.1 529403.7 251629.3


170517.9 106025.8 182854.6 168052.9 110468.3 186530.1 172982.8 101583.3 179179.1


28809.67 23037.01 29457.21 23482.82 28162.12 22591.2


207686.2 126801.2 263684.6 296395.3 261880.5 208347.1 131402.2 265842.1 277393.2 266497.5 241778.4 148690.9 313054.9 261527.2 257263.4


433188.3 332526.2 440383.3 356226.2 425993.3 308826.2


88086.71 105558.7 109167.6 95708.57 101949.9


813808.9 813294.7 814323.1


NA


NA


NA


100693.3 98431.35 102955.2


NA


73009.84 40317.68 73871.93 72147.75


NA


1961980 1145706 1231907 1945881 1168042 1267572 1978080 1123370 1196241


99744.5 75859.54 87393.67 112095.3


202483.7 191475.9 213491.6 179625.9


426229.7 508269.7 427026.7 503609.8 425432.6 476903.1


NA


322553.5 316311.5 328795.5


823826.3 546398.1 1171964 803974.9 1133659 843677.8 1122358


254823.9 266627.8 243020


234755.6 252715.7


NA


NA


998188.8 1119076 877301.9


1177227 1238535 1115919


245222.7 256643.6 232487.2


NA


18831766 19091093 18572439


163983.2 160163.8 161231


NA


227795.7 171254.1 229220.1 158914.9 226371.3 183593.4


NA


NA


NA


NA


367913.2 373608.9 362217.5


NA


NA


339813.5 306384.5 373242.6


37765.76 36137.38 39394.14


522933.3 593473.2 459801.4 574401.2 586065.1 612545.2


NA


215868.9 270227.4 270531 270751.6 194514.5 252915.3 279995.3 269414 237223.2 287539.4 261066.7 272089.1


14503.55 8991.799 8832.617 17171.21 16521.27 10987.33 8095.544 12952.17 20206.97 12485.83 9569.689


NA


1391257


NA


116196.3 124520.7 107871.9


458170.9


NA


NA


377413.3 425357.7


56306.97


NA


53876.03 72456.41 51126.68 68220.3 56625.38 76692.52


NA


NA


NA


NA


NA


NA


371705.6 337863.8 405547.4


169246.3 167390.3 179572.8 154778.6 185825 180002


NA


NA


NA


NA


NA


271146.6 275515.3 266778


17136100 27813299 16691146 26259132 17581054 29367467


NA


507612.8 558910.6


267999.2 275218.6 249238.2 270042.4 286760.3 280394.8


NA


NA


NA


NA


76795.18 85690.22 71695.18


970315.6 1342711 1045214 1459260 895417 1226162


109807.6 91481.64 115179.1 94402.11 94230.01 104436 88561.17


NA


42137.68 46554.27 40537.91 41427.39 43737.44 51688.35


NA


62783.89 59003.22 66564.57


NA


167800 161043.6 174556.5


NA


NA


NA


157563.8 167959.5 147168.2


NA


168389.4 140082.7 181411.4


38404.81 39055.96 35479.68


NA


NA


1057044 1050697 1063391


252902.7 273953.8 231237.2


53016.79 54050.99 59196.57 55349.99 55439.85 54422.57


25487.98 42747.69 25138.46 39654.6 25837.5 45840.78


55129.19


212632.4 200010.6 201321.3 225254.2


324595.1 322934.6 206585.9 306303.7 304498.2 206473.2 342886.6 341371 206698.6


2372373 2393489 2351257


2319209 2535439 2156284


NA


1407447 1244027 1266530 1340481 1343538 1237359 1289536 1364055 1144540 1471357 1250695 1243523 1316907


1560938 1838619 1579594 1809844 1542282 1867395 1339873 1606607


265788


NA


NA


NA


NA


NA


NA


NA


NA


NA


NA


NA


NA


NA


2392268 1773875 2426899 1849927 1884100 2357637 1697823


NA


NA


NA


46971.1 49370.04 44572.17


99968.97 104379.1 98444.17 91684.31


NA


NA


NA


NA


NA


NA


NA


271739.5 276761 266718


NA


264769.5 126061.7 261271.8 268267.1 131399.8


366823.8 387954.8 345692.7


NA


NA


NA


57034.4 53401.68 60667.12


118198.7


383466.9 435718.3 365110.8 363790.6


NA


2125988 2645910 1913498 2226412 2236005 2591266 2048076 2647406 2015970 2700555 1778921 1805418


59963.76 59394.17 60533.34


4297530 4523990 5207864 4272406 4403183 4956128 4322654 4644796 5459600


NA


72981.59 89811.68 56151.49 38955.27 61888.99


334176 345903.6 322448.3


NA


NA


90952.74 94014.34 87891.14


1748543 1751276 1745810


NA


162835.7 151002.7 174668.8


NA


NA


NA


NA


NA


NA


NA


NA


350517.2 360804.3 340230


1417368 1480002 1354734


110957.2 116640.5 104437.3


NA


48901.78 46836.22 50967.34


NA


NA


NA


NA


184749.2 199408.6 170089.9


229455.2 223987.3 234923.2


259575.8 283502.4 235649.1


NA


87185.62 85313.95 89057.29


1280387 1308598 1220341 1332432 1340434


NA


NA


66491.21 66199.62 66782.8


NA


NA


NA


2202911 2206225 2199597


NA


NA


681513.2 909190.5 464702.3 687862.7 905442.4 469523.9 675163.7 999102 457879 459880.7


NA


1268316 1326601 1210031


201976 216863.3


NA


550973.4 526837.5 543235.1


NA


NA


232043.2 103021.8 232139 231947.4


NA


45712.47 43090.05 48334.89


NA


NA


3299597 3351678 3247515


1584647 1606324


NA


NA


1072181 1250080 1078773 1264883 1065590


NA


NA


22617.17 15721.26 21088.68 15519.19 24145.66 16315.26


NA


60906.45 62949.73


67968.16 62887.83 73048.5


NA


NA


99506.47 106704 93091.54


NA


NA


NA


133583.7 139674.2


NA


227485.4 248257.5


27375.06 30867.84


NA


NA


NA


NA


118591.4


NA


NA


470121 495850.7 444391.2


NA


NA


142522.6 146513.9 138531.3


126865 128800.6 213504.8 188551.4 214000.4 123154.5 132359.2 191289.1 188096.3 228112.8 118769.9 130575.5 125242 235720.5 189006.6 199887.9


473589.1 312519 227309.6 303109.8 491725.4 289617.1 492619.9 348569.9 291027.9 463117.1 314816 470588.4 276468.1 252691.7 315191.7 520333.7 264418.1


2856421 2451552 2211991 2102435 2497612 2830464 2430320 2156905 2049435 2548790 2882379 2472784 2267078 2155435 2446434


2020649 1930712 2110585


322590 485250.4 356810.1 311528.1 519945.2 369990.6 333651.9 450555.6 343629.6


NA


123841.1 139433.2 165930.3 108140.1 138786.1 158010.9 163039.7 140080.4 173849.7


NA


NA


NA


NA


NA


881993.9 1075919 1032413 917136.5 1119425


581723.8 760667.2 604968.3 689857.4 831477


NA


NA


995405.3 976706.9 1014104


2038975 1422170 2228500 1331278 1851519 1513062


NA


668511.9 822503.5 531406.2 614208.8 810017.4 526150 722815 834989.6 536662.4


417755.3 468200 367310.6


1197288 1225026


NA


104231.5


NA


609431.9 614296.9 604566.9


13968.5 13647.6


NA


18021.16 33340.38


590817.8 566812 595075.9


27615.67 35830.39 28336.17 33394.11 26895.17 38266.66


49140.65 90325.91 49036.46 85438.14 49244.85 95213.68


147914.4 151248.1 144580.7


184248.6 189523.4 178973.8


77719.06 73238.56 82199.56


88413.53 90826.66 86000.39


NA


NA


NA


93037.08 97258.28 88815.88


NA


NA


NA


NA


402100.2 427644.9 376555.5


NA


NA


NA


NA


NA


424322.9 433704.6 414941.1


179551.4 183215.5


54593.31


80682.19 118477.7 116887.7 86793.67 120067.7


63041.38 63019.98 63062.78


43030.22 42019.64 44040.79


NA


NA


NA


1292680 1243789 658984.7 1341570


482528.2 507076 494499.2


NA


NA


156757.5 159361.3 154153.6


NA


126217.4 132387.7 120047.1 73945.7


41922.5 40922.77 41349.38


333689.1 374502.9 437488.8 456523 337076.2 377259 439289.4 466807.6 330302.1 381063.6 435688.1 436980.7


175724 174448.5 129874.3 176999.5


NA


NA


179828 179807.7 179848.4


NA


NA


NA


15667.37 15705.3 15288.46


NA


NA


739838.4 733986.5 745690.2


463553.7


NA


409771.4 426048.8


76731.35 90390.43 74752.4 85188.86 78710.29 90377.24


37517.21 35521.29 39513.14


115058.1 119464.2 110652.1


1124914 1092522 1157307


486755.4


188941 319193.7 258057.5 203729 237584.6 310043.1 280888.8 200759.6 328344.3 235226.1 206698.3


NA


88692.26 91024.37


NA


40968.03 40688.55 41247.52


NA


NA


NA


117490.7 117193.1 60216.36 117788.3


NA


NA


413697.4 407596.7 174716.3 413259.2


294766.1


125056.9 113188.8 136925.1


NA


NA


NA


323713.5 251726.2 221420.5 154198.4 308918.4 250774.3 238583.1 165438.4 351619.7 252678 142958.3


NA


3573733 3206162 3506698 3569618 3640769 2842707


NA


389368.8 403615 375122.5


NA


NA


21729.38


160273.8 152565.2 167982.4


NA


NA


NA


NA


NA


NA


270579.3 290935 250223.6


809852.6 836964.1 768028.7


NA


NA


NA


NA


NA


985342.9 935748.7 601798.6 1074833 977358.5 628035.2 457265.3 881057.4 894138.9 575561.9


224481.5 472670.6 271263.8 234370.8 240489.2 449616.4 286127.3 238771.5 208473.7 483286.7 256400.2 213865.3 229970.1


592238.2 617084.1 573960.9 655919.1 532267.6 591404 595520.8 599435.8 621370 520990.9 638647.4 548486.1 690468.1 543544.2


NA


347108 205865.8 371095.1 336166.8 189716.3 403542.6 358049.2 222015.4 338647.5


NA


NA


NA


965024 997266.5 932781.5


NA


NA


169078 335264.1 170828.4 157463.3 168141.6 338942.3 175936.7 156843.4 170014.5 331586 165720.1 158083.2


NA


NA


NA


8804372 9212927 8603148 14912509 8691592 9315558 8633290 17100197 8917152 9110295 8573007


289321.1 282815 295827.2


3011152


600091.1 574313.7 797455.3 488539.4 402727 561661.4


NA


1838808 1782621 1746800 1832715 1882257 1756646 1844902 1682985 1736955


129183.2 144633.7 108091.2 125691.2 150908.8 120238.4 132675.2 138358.7 95944.12


NA


472763.6 480097.9 465429.3


NA


699132.3 1025245 1347957 687304.1 1014944 1318082 710960.6 1035546 1377832


2626171 2581724 1779282 2670618


174119.6 151159.7 212860 181632.7 159688.4 214514.8 166606.6 142630.9 211205.2


164748.7 155876.1 173621.3


NA


NA


387432.9


NA


NA


3233243


NA


2214126 1999237 2429016


NA


NA


2853999 2817144 2890854


3029813 3080093


2523015 2564851 2481180


1349362 1244527 1454198


1745985 1722402 1769567


2157744


1687262 1680497 1694026


1500696 1566198


NA


NA


119044.2


NA


784205.2


1034742 435873.6 1052630 464920


1058932 988465.7 1129398


NA


NA


906759.5 942508.6 948345.7


836100.6 898107.9 774093.4


811661.9 1050791 780281.4 1052069 843042.5 1049514


1078620 1143191 1014048


153605.2


3861623 3981765 3890436


1877495 1778604 1976387


1242371


NA


NA


NA


NA


109042 97109.4 108811.7 94483.67 109272.4 99735.13


464632.1 442744.4 486519.9


NA


196816.9 193656.8 199976.9


113708.1 105895.2 108994.4 121521


NA


77895.49 75485.85 80305.13


NA


16509.69 17065.7 16880.43 17306.2 16138.94 16825.2


NA


1184367 2667691 1191619 2566805 1177114 2768577


74647.56


NA


NA


NA


NA


NA


147512.5 216826.4 217864.1 153827 214404 229002.9 141197.9 219248.8 206725.4


188440.7 195822.1 176884.5 181482.1 198855.6 177050.2 195399.2 192788.6 176718.8


NA


NA


NA


NA


NA


139867.1 153447.8 136375.5 150336.1 143358.7 156559.5


NA


NA


86623.73 113215.6 84174.22 89179.41 112088.9 84655.57 84068.05 114342.3 83692.87


1146268 1166683 1125854


842591.3 923439.5


NA


NA


NA


NA


244724.8 256841.5


NA


424236.9 287349.6 414695.3 304290.4 433778.5 270408.8


NA


614011.2 623575.1 604447.3


210029.1 224470.2 195587.9


78696.57 91055.91 66337.22


110847.5 63894.14 79768.58 59924.4 69335.46 82627.63 66835.52 123836.3 119827.8 58452.82 76909.52


258799.8 233852.5 261763.2


355431 414969 295893.1


63951.77 55184.58 72718.97


NA


NA


NA


NA


NA


NA


NA


721203.3 750238


1271956 1303285 1505564 1496057 941126.7 790906.7 1398658 1400863 1492647 944013.5 767492.5 1145254 1205706 1645840 1499467 938239.9 814320.9


934001.1 613098.9 948822 614914.7 935329 611283.2


NA


36981.29 40465.54 33497.05


NA


NA


NA


NA


103010.4 72010.62 109347.3 66665.41 96673.44 77355.82


NA


NA


1269799 2158720 2153318 902838.3 1901783 1688557 1171719 2269864 2318553 1013798 1820799 1697337 1367879 1957061 1988083 1982768 1679777


321190.8 215557.2 345458.3 241064 289765.9 337229 206733.9 364019.3 225277.3 298894.4 305152.7 224380.5 326897.3 256850.8 280637.5


338397.4 395106 214223.7 358893.7 396088.4 205829.4 317901.2 394123.5 222618.1


564876.6 503835.2 547820.9 488176.6 581932.3 519493.8


2290290 2186487 3251004 3218630 2372840 2287751 3197877 3264606 2207741 2085223 2960189 3172653


NA


187143.3 219527.3 206675.9 157208.2 169201.4 221725.2 213925.7 150424.4 205085.1 217329.3 199426.2 163992.1


52456.91 41423.64 53912.94 50233.59 56830.42 54680.24 42432.63 50995.45


NA


40005.42 39362.35 40648.49


NA


187047.7 147825.4 196526.2 181396.6 150237.7 192227.7 192698.9 200824.6


NA


508736.6 867428.1 820665.3 516514.3 932239.5 911964.6 500958.8 802616.8 729366.1


77508.44 42488.21 61477.15 70997.82 43105.35 61631.14 84019.06 42045.2 61323.16


1401262 1138318 1030776 687653 1363684 1148383 730856.4 1128253 1030962 1392435 687905.8


218196.9 363966.9 172295.3 214846 382819.5 184796.4 221547.7 345114.3 159794.2


NA


NA


NA


83799.39 78858.28 88740.5


NA


NA


NA


NA


NA


NA


207235.4 198618.1 215852.8


203792.6 226849.7 330473.7 212385.9 226552.9 333549.7 195199.3 227146.4 327397.7


96300.85 92450.59 100151.1


NA


1866290 1854242 1878338


NA


NA


NA


45220.04


594229.7 598333.7 590125.8


NA


1103487 762833 1139262 799912.1 1067711 1122552 725753.8


NA


NA


NA


179445.7 169159.6 189731.8


911894.2 805997.2 1331714 1441553 807376.9 991083.7 918245.9 1246214 1520313 857298.9 832704.7 705077.8 1417215 1362793 757455


NA


113982.4 180314.8 107356.6 101501.9 187805.4 113537.9 126462.9 183598.8 168090.8 101175.3


257128.2 266927 247329.4


NA


NA


NA


NA


NA


NA


NA


NA


431155 461424.8


635520.6


700809.4 850969.3 701939.6 862110.7 699679.2 839828


NA


125703.4 122229.8 129177 58415.85


NA


141406.2 154980.4 121839.7


93377.96 85981.16 100774.8


NA


389504.4 795335.7 694461.7 394061.1 701821.7 726516.9 384947.7 881064.9 662406.5


282474.5 288715.2 276233.8


1181577 2314305 1203942 2239552 1159212 2389058


167939.6 104486.9 130257.8 109437.9 161831.6 115606 163488.6 99535.85 144909.7


141834.6 136880.2


113645.7 68601.72 78423.47 109720.8 61594.52 76159.05 107916.6 75608.93 80687.89


NA


289434 289606.1 289261.9


195521 187605.9 98535.75 203436


3024242 2918693 3129791


NA


NA


585224.6 345838.9 353266.3 606956.9 346725.4 359303.5 344952.5 347229.1


162625.5 166558 158693


61048.66 61058.32 61039.01


162297.7 109197 177690.1 110160.7 146905.3 108233.3


18667.87


383935.6 405208.7 293895 362662.5


220332.3 228033.6 157512.1


NA


134269.6 92156.58 100103.3 134490.9 98659.69 90556.41 134048.4 85653.46 109650.1


NA


NA


NA


313400.7 231796.3 352162.9 216957.9 338548.7 229936.9 351183.5 288252.6 233655.7 353142.4


92153.73 103840.4 99648.63 106703.9 75296.83 84658.83 100976.9


NA


609020.2


42331.71 42258.4 42405.02


252257.8 125472.2 206914.6 278281.7 127866.3


1015005 1019423 1010587


NA


51613.86 50865.7 52362.02


249490.8 246828.2 176951.2 252153.4


24514.76 24355.76 24673.76


309323 312885.1 471398.8 491594.8 423785 450042.8 306913.1 475383.9 460857.5 446398.4 489247.7 339277.5 318857.1 467413.6 469663.2 386712.6 453687.2


159736.1 160432.5 159039.7


NA


110914.6


320422.1 310502.9 229784.3 330341.3


NA


168061.4 167673.9 168448.9


NA


85420.31 80900.24 89940.37


NA


NA


176990.4 184498 169482.7


194746.4 161111.2 226469.4 222463.8 217114.6 161076.5 224777.9 189687.2 172378.1 161145.8 228160.9 255240.3


NA


NA


NA


NA


NA


NA


253755.4 265361 280646.2


NA


127995.2 89675.93 132064.5 123925.8 78803.61


NA


24000.98 21995.42 26006.54


NA


NA


116247.8


NA


23420.18 19799.48 27040.87


NA


NA


NA


1467205 1778959 1417405 1759188 1517005 1798731


5214360 5064431 5364289


1569250 1497277 1227374 1467004 1116164 1519529 1461453 1338583


5767195 5192807 3971097 5952119


4019740 4031811 4007668


5783016 5665623 5831769 5900409


1252033 1214894 1289172


3003387 3106216


693113.9 910126.4 652442.2 932285.3 733785.6 887967.6


2301442 2423572


3122605 3088054 3514006


1823025 1922925 1723124


1771527 1712454 2539272 1642441 1886639 2505290 1900613 2573255


NA


651293.6 861162.9 948623.4 1314192 661733.2 773702.5 581924


602508.4 626229.7 578787.2


2887971 2885361 2652020 3092144 2864187 2683799 2987729 2439854


2929243 3861066 5236368 2789043 3807159 5409942 3069442 3914972 5062794


5702710 5699903 5327615 6077804 5594910


7469191 8006338


838380 1044976 867456.1 1090811 816881.1 999140.4


3190688 4999104 3170040 5484891 3211336 4513316


2066331 2516847 2649237 1990170 2488693 2710522 2142492 2545001 2587953


6565528 7756189 6309278 7914365 6855401 7598013 8304568


2090662 1941259 2240065


3226676 3412677 3673584 3308248 2781264 3498355 3627320 3145104 3326999 3719849


957815.4 1504107 930103 1497415 985527.8 1510799


3632629 3584970 3680288


1849196 2898163 1816234 2895119 1882158 2901206


2575973 3938463 4469440 2601528 3799995 4508931 2550417 4076932 4497540


2427982 2639757 2159131


1314252 1485334 1749805 1840725 1290492 1480383 1595794 1852765 1338013 1490286 1903816 1828686


554775.5 984139.9 542819.4 1013401 566731.6 954879.1


1974848 1957216 1790697 2066634 2158998 1847798


1066340 1052925 1079755


358976.4 352415.2 307657 380953.9 381432.3 344532 336998.9 323398.1 270782


6593261 6843920 6342603


1685987 1670652 1703710 983119.9 1668264


4551820 5298081 4593657 5402897 4509983 5193264


4588534 6747634 4540520 6748584 4636549 6746684


NA


NA


NA


2343803 3287292 2609227 3249226 2078378 3325358


5539488 5418864 5660112


NA


NA


NA


NA


NA


853253 816533.4 889972.5


565636.4


NA


NA


NA


378856.9 377770.7 379943.1


NA


NA


NA


159833.3 123010.2 137129 157301.3 129735.6 140609.1 162365.3 116284.8 133649


337197.5


NA


NA


NA


NA


NA


NA


NA


NA


NA


NA


NA


NA


NA


566219.8


NA


NA


NA


NA


NA


NA


NA


NA


NA


NA


419661.3 413578.1 425744.6


NA


3586894 3389225 3784563


NA


NA


NA


335290.9 336439.3 334142.5


NA


26930.81 30343.24


131215 122715.6 139714.4


NA


NA


4931071 4567217 4836454 4237081 5025688 4897353


3047434 2340167 2748369 3346498 2430361


645458.7 1281392 845041.4 945251.7 1121851 684117.6 1248645 788578.9


2878087 2115595 2692292 2058667 3063883 2172523


NA


NA


53011.51 50422.76 78238.73 53070.57 50284.81 79591.08 52952.44 50560.71 76886.38


NA


405847.2 413195.5 398498.9


NA


311188.5 226253.8 302475.5 330661.6 245931.6 295055.4 291715.5 309895.6


96134.52 86169.8 112790.2 104845.8 110279.8 87423.26 92899.1 115300.5


155191.6 208011.7 153092.5 206738.8 157290.6 203352.1


194988.4 190654.3 199322.4


712554.6 691994.3 733114.9


NA


394399 246155 364759 248730.3 243579.7 406564.6


NA


48843.12 49076.56 48609.67


100938.4 102781.3 99095.57


NA


NA


16353.63 15975.11 16732.16


NA


NA


NA


1990169 3847434 2811450 2050871 3842189 2808336 1929468 3881907 2814564 2695589


1143015 1352375 1344538 1350282 1363124 1391516 1308204 1171292 1382790 1392360


NA


107609.1


121291.4


NA


NA


NA


139811.8 98403.67 150843.6 93402.55 149899.5 114435.2


6241847 12829207 13507081 6687133 12151332


NA


930640.9 957667.6 925334.8 969539.7 935947 945795.4


NA


NA


NA


2469698 2474172 2465224


103658.5 104678.6


513159.1 534873 491445.3


NA


4243035 3102662 3057959 4349089 3262773 3057585 4136982 2942552 3058334


NA


2422052 4985678 2353385 2490719 5161858


689387.6 974126.2 1534196 1453031 958827.5 1410230 1477351 673464.6 989424.9 1428711 1622678


3251882 3332047 3171717


1126993 1360738 651014.4 752291.9 893248.4


4889751 5113817 4814997


5303459 5888539


3814738 3969394 3726168 3776784 3903308 4162004


2120485 2759250 2361987 2161294 2974241 2304879 2079676 2419095


6878480 6674261 6521249 6793374 7235711 6555148


1826150 1011297 1795662 1664037 1150857 1856637 871736.8


NA


2376025 2570487 2459136 2450827 2292913 2690148


1957912 3251253 1844385 3231050 2071439 3271456


976016.1 688894.8 1097409 539856.7 854623.2 678352.9


NA


7329243 8492694 6259177 6632926 8389962 6415761 8025560 8595425 6102593


5183469 6391577 5426113 5809188 5429809 6973966


6091782 6261012 6214694 5922552


140634.6 137837.1 141454.2


730277.1 1330734 1609537 1267788 1463853 699450 1299590 1509265 1316593 761104.2 1361878 1709809 1343795 1611114


2550753 1925352 2472370 2629137


4451628 4603297 1872727 4147479 4299959


2902861 3798011 4343595 2720659 3824793 4555854 3085062 3771228


4005460 4853697 5758867 3930462 4865919 5659457 4080458 5851848 4841476


10822.76 9227.235 12418.28


27305.1 26086.71


2393636 2353294 2433979


NA


784891.8 756126.8 813656.8


1312970 1278434 1347507


NA


2665977 2611946 2720007


NA


328068.2 321396 228547 334740.4 283681.4


592911.3 539509.1 609972.7 347522.7 559307.5 575850 519710.6


135344.6 131651.8 139037.5


1339609 1315798 1363421


727225.4 539670.9 714375.4 556142.5 740075.4 523199.3


NA


908715.6 944912.8 910280 874806.5 981310 907151.2


117890.7 159580.4 167146.4 121554.6 157619.6 166815.1 114226.9 161541.2 154952.6


551943.9 544109.4 559778.4


765018.5 532063.9 800976.1 633394.8 763587.8


313156.4 200820.9 318899.5 203505.3 307413.2 198136.6


818008.2 470610.5 821298.9 468177.4 814717.5 473043.6


487052.5 500540.6 473564.4


411888.1 457857.2 423534.7 438185.9 419300.6 494305.8


NA


NA


853333.8 834666 872001.7


639017 1108247 670844.8 1013772 607189.2 1202721


383456.7 357167.4 409746


NA


NA


NA


1513523


301910.7 294590.2 271564.2 301706.7 242108.7 263876.5 274904.1 307235.8 361712.7 325303.8 268224.3 296177.6


278727.9 424512.3 576352.6 266472.8 449249.9 506847.5 243265.8 274594 285378.2 635027.6 465301.5 289679.9


305573.7 356102.7 307832.8 354091.3 303314.6 358114.1


225298.4 329003.7 229522.8 341290.6


1022445 1087753 990029.1 1074827 1054861 1100678


166513.3 92779.26 107180.7 107000.8 186266.2 95684.76 110612 124693.1 108328.5 146760.4 94103.8 107382.6 89821.28 105673.2


105607.2 152206.7 229928.3 153221 108674.6 153657.2 223403.8 152817.7 102539.8 150756.3 229255.6 153624.3


165650.5 227269.2 237044.3 156634.2 174666.8 185968


NA


NA


NA


83031.02 151346.9 86342.67 83713.62 159736.4 88224 82348.42 142957.5 84461.35


1728205 1733709 1722701


1876052 1869592 1897639


306679 422932.2 276321.9 304517.7 414180.4 289424.7 308840.4 431684


NA


1348936 1309063 1388810


NA


NA


NA


NA


NA


1968218 1687270 1303841 2006629 1823929 1277570 1929807 1550610 1330112


NA


NA


39969.59 45811.69 34127.49


110023.5 112574 107473


NA


32533.89 46380.85 45333.58 36876.23 47428.12


NA


22812.59 23140.7 22484.48


1256240 746798.5 777536.7 1283587 720441.7 710117.4 1228894 1488251 773155.3 691255.6 844956.1


149094.9 60195.09 147496.3 143613.1 60998.41


55680.46 58089.48 53271.45


NA


NA


NA


155603.4 149323.1 155980.5 147538.9 155226.3 151107.3


116856.8 117911.5 124099.4 114511.4 109614.1 121311.5


149228.9 155587.2 142870.6


NA


42043.79 38335.04 44445.76 45538.04 52898.41 31132.04


465605.6 696836.8 647853.8 438475 682655.9 653606.9 492736.2 711017.6 642100.8


399250.5 396230.1 402270.9


1394766 1452882 1336649


NA


125370.6 119245.8 120392.3 120550.2 130348.9 117941.3


NA


NA


NA


351763.3 366658.5


19720.6 26137.03


NA


132005.8 153474.7


NA


NA


461770 450604.6 472935.4


189152.1 184356.8 193947.4


669905.9 742486.6


172991.9 182449.2 163534.7


NA


294855.3 310151.5


185117.4 157572.5 169544.2 328699.6 336893.4 187728 165936.7 172992.5 313950.8 297758.3 182506.9 352243.4 166095.9 343448.3


716203.4 559041.9 486032 686876.5 716986.3 536983.7 499837.8 739783.4 719725.4 581100.1 472226.2 633969.6


NA


NA


NA


NA


NA


NA


NA


234983.6 237210 323533.9 173612.7 171982.4 219145 224288.2 329389.2 181290.9 178870.9 250822.2 250131.8 317678.6 165934.5 165093.9


NA


83550.79 76675.86 90425.71


NA


NA


226064.8 271927.5 179824


160427.1 212781.9 258005.1 174980.3 176270.6 208637.7 257406.8 182086.3 144583.6 216926.1 258603.4 167874.4


364414.5 454733.3 277745 320735.2 434570.4 286120.3 408093.7 474896.2 269369.7


221676.8 231292.1 168416 204285.2 225349.6 237822.1 239068.4 237234.7


20770.24 20964.96 20575.51


245876.4 253444.6 163043.6 245469.6 252068.8 167312.6 246283.3 254820.4 158774.6


NA


NA


452525.9 280619.3 412645.1 492406.7


484416.1 484739.2 318212.8 484093


379388.6 387582.2 371195


94969.35 93064.17 96874.54


NA


NA


NA


NA


111451.8 152392.1 57717.64


52224.46 56613.54 47835.38


NA


310139.1 209986.3 309846.9 222511.2 310431.2 197461.5


121617.9 145356.7 185972 125989.7 120957.6 139798.8 191536.7 131425.6 122278.1 150914.7 180407.3 120553.7


NA


NA


755516.7 967129.2 1225677 785231.9 972128 1320769 725801.5 1130585


268524.4 447527.7 450712.2 212054 265764.1 423013.7 484921 271284.7 472041.8 416503.5 245530.1


23858.82 34487.27 43665.63 22759.43 37112.17 41094.72 24958.21 31862.37 44007.9


NA


229174.2 120218.5 228809 229539.3 121731.1


NA


44472.47 44235.9 44709.04


174749.3 194176.5 217069.9 225910 163847.9 208335.6 210386.5 222378.7 185650.8 180017.4 223753.3 229441.2


242600.3 257907.6 227292.9


119625.1 113184.5 116252.1 112547.2 122998.1 113821.8


NA


NA


NA


191201.1 184092.5 198309.8


641289.2 706549.7 623596.9 697411.7 658981.4 715687.7


NA


965962.5


NA


NA


NA


NA


382433 399062.5 365803.5


363555.1 426331.5 290880.3 339496.2 448644.7 281410 387614 414482.5 300350.5


2413471 1884832 2357313 2083389 2504396 1686276


1953914 1763925 1895347 1754461 2012481 1773390


2627649 2608587 1434262 2153893 1591155 2632985 1472469 2129434 1659276 2815444 2758131 1396056 2178353


310267.7 301869.2 331608.9


216890.7 169802.4 134863.9 133424 183839.8 157884.5 138808.4 131814.4 181720.3 230355.5 130919.3 135033.6


1541300 929386.9 1456756 1441717 953084.6 1541158 821094.5 1640884 905689.1 1372354


13200.95 13080.03 16116.94 15534.81 11528.08 12670.9


363508.6 603949.6 542797.6 338876.1 594133.3 575014.5 388141.1 640436 510580.7


NA


115919 103468.5 103710.1 103730 128128 103207.1


164724.6 168978.1 170864.5 192536.4 167091.6


NA


9105.382 8617.623 9593.14


NA


NA


NA


NA


NA


NA


328303.5


NA


NA


NA


NA


NA


63989.95 62222.56 61424.44


201267.9 199419.1 203116.6


NA


NA


NA


NA


NA


NA


NA


NA


NA


621479.9 625257.3 617702.5


359194.3 381582.6 346906.5 397421.3 371482.2 365743.9


NA


474016.5 398438.9 742897.6 395330.9 474168.7 395451.4 727191.1 406255 473864.4 401426.5 758604 384406.8


NA


30139.9 33380.14 26899.66


16242.33


NA


NA


728577.4 749828.1 707326.8


NA


511845.8 529026 494665.6


NA


91084.66 153018.3 88091.36 150828.1 94077.96 158147.4


404938.8


287400.8 206179.1 232963.4 266647.2 201871 231828.6 210487.1 234098.1 294698.5


327281.8 257529.8 305769.4 257774.1 348794.3 257285.5


956410.2 1012668 913703.2 855847.2 958904 897070.1 969349.4 906919.3 953916.4 1128266 858057 804775


NA


NA


NA


339799.3 328674.9 350923.7


68944.87 84093.52 69011.85 87059.25 68877.9 81127.8


115398 86146.14 130108.2 136925.6 56140.23 126198.7 102657.7 86990.11 127217.1 147979.5 129244.2 128138.4 129745 85302.17 125871.7 56161.61 123153.2


NA


1698850 1719501


147768 161141.2 133356


328710.5 430489.8 448607.9 631634.6 298101.7 438948.8 496099.2 667773 359319.3 473711.6 401116.6 595496.2


80559.54 167909.5 79099.93 167316.6 82019.15 168502.3


189029.4 194893.8 183165.1


NA


NA


NA


173912.4 156889.8 168183.3 166731.5 179641.5 147048.2


1001287 965550.2 965984 765383.5 1499996 673752.5 1015918 861979.1 1018539 784259.6 1479125 757511.1 986655.8 1069121 913428.6 746507.4 1327044


37033.73 40423.07 33644.39


308028.8


600331 383640.3 590199.4 420755.1 610462.6 346525.6


NA


491713.9 487499.5 495928.4


NA


NA


NA


NA


NA


NA


NA


NA


NA


906699.4 953652.3 400707 859746.5


701497.3 594755.6 701703.2 701291.5


NA


88391.65 93644.1 100018.4 88431.27 84877.57 98800.27 91905.72 88487.93 98666.27


NA


682295.3 581373.6 682235.1 682355.4 540022.4


NA


162651.3 152845.2 172457.4


NA


682620 532638.6 600695.4 764544.5 539534.3


NA


434606.1 443853.3 425359


NA


193309.5 127395.9 182950.5 141093.3 203668.4


NA


NA


NA


13271.75 11864.02 11545.03 16351.5 12183.02


NA


246328.9 193344.8 249166.6 186469.8 243491.2 200219.8


65829.62 73462.13 58197.11


630591.5 623367.4 637815.5


NA


185843.7 184304.7 187382.6


41584.51 40147.47


45121.06 42088.79 48153.33


NA


NA


NA


116150.3 120277 112023.6


264775.9 273465.9 261275.1


376524.1 408318.8


NA


311682.7 307556.3 315809.1


NA


NA


357218.7 336961.4 377475.9


54164.57 55444.35 52884.78


NA


942586.4 1201276 1323560 931377 1448205 1286358 1408749 990377.2 1529445 987916.7 1116194 1238370 872376.8 1366965


NA


305063 373353.1 320138.6 381826 289987.4 364880.2


NA


68047.15 70152.93


475231.7 229447.1 349255.9 477742.6 229806.1 347418.6 472720.8 229088.1 351093.2


NA


345116.7 314711.5 347020.6 342769.1 343212.9 286653.8


NA


415712.7 314006.2 416807.8 360979.7 414617.6 267032.7


746248.3 781275.1 711221.6


NA


NA


NA


NA


NA


89074.56 96369.08 81780.04


NA


300629.2 161098.9 357106.4 295328.7 163785.2 347914.5 305929.8 158412.6 360561.8


1083127 867606.5 1130533 878066.1 1035722 857146.9


797473 822372.7


316631.4 322615.5 360210.2 323258.2 273052.7 321972.9 243784.6


1214036 1322709 1173220 1270334 1472198


247082.3 255955.6 238208.9


2832418 3114857 2725572 3174979 2939265 3097220


1961706 1710733 1675551 1745753 2247862 1675714


1873520 1877870 1869170


996268.2 975434.5 1017102


3851686 3861616 3841755


2258919 2233799 2240770 2275311 1626740 2277069 2072626


410720.5 380855.4 414023.4 387396.5 407417.7 374314.3


NA


1180991 1258484 1103498


NA


NA


NA


449408.9 786170.6 469729.5 836009.2 429088.3 638982.8 503736.3 736331.9


809453.6 592941.8 484307.9 584982 825126.4 597854 525443.8 631660.2 793780.7 588029.7 538303.8


429651.4 590739.8 957544 411750.1 603436.3 897413 578043.4 1017675


NA


NA


NA


NA


NA


NA


NA


NA


NA


NA


1287356 1295763 1278949


869435.8 894189.2 844682.4


31865.66 31721.73 33537.82 29927.24 30193.5 33516.23


681599.7 710514.3 652685


194080.1 152044.2 185743.8 149358.7 202416.4 158847.8


NA


250370


NA


NA


1089885 1574365 1389931 1283216 1487034 1238012 1661695 1541849


74632.49 72266.04 76998.93


661533.1 646024.4 677041.8


NA


NA


NA


NA


618343.3 1036273 875085.6 1117108 885908.1 622790 864263


757298 730526.6 470067.8 784069.4


NA


62355.53 58810.07 95917.06 65749.09 62136.21 94580.9 58961.97 55483.94 97253.21


NA


121697.7 81450.22 128251.3 82462.04 115144.1 80438.39


76684.12 69604.26 83763.98


49572.59 51045.67 48650.56 53774.95 50314.62 48162.39


NA


553837.1 545447 514631.1


751183.1 769882.7 732483.5


1050224 1843849 1167119 1758069 933330.2 1929629


35598.82 36465.75 38439.17 35011.97 35056.95 32758.47


NA


NA


NA


29466.74 36232.39 30068.71 36430.9 28864.77 36033.89


31292.67 22657.6 33956.04 21563.67 22539.78 28629.3 25010.26 22775.41


966206.2 926987.4 1005425


NA


NA


NA


NA


NA


41374.03 41993.8 40754.25


NA


448519.9 544571.8


NA


1274504 1273141 2004840 1269666 1985449 1371669 1276616 2024232


NA


NA


393591.9 433626 401950.3


884666.3 874831.1 894501.5


NA


1004578 2037240 1419543 1017551 1971029 1458004 2048693 991605 2103451 1381081


NA


134681.2 170902.4 131823.8 151865.8 137538.6 176634.2


1749741 2069813 1846768 2368396 2517480 1823034 2332560 1765766 2381637 2598382 1676449 1807065 1927771 2385016 2436578


1496259 1866606 1850561 1682942 949285.3 1470257 1530473 1875522 1705261 1635044 936593.1 1384751 1462044 1857691 1995862 1730840 995441.7 1608420


223003.6 101979.7 209539.9 236467.3


1434199 1047056 722188.5 1372940 1098933 1495458 995178.3 715115.6


105308.5 105381.7 90578.68 89422.93 107875.2 86398.25 116762.7 102888.2 94978.31 49201.02


1575686 1391378 1815327 1352815


NA


NA


17362.6 18618.72


165155.7 104204.3 196584.7 93690.88 169712.8 93917.15 205734.1 160598.7 114491.5 187435.4


1765847 1244087 1809904 1073724 1697258 1233812 1792892 1024037 1834436 1254361 1826916 1123412


876938.3 1253782 1860378 881245.5 1260818 1810452 872631.1 821772.8 1246745 1910304


252571.1 238592.4 266549.7


426056.5


NA


NA


NA


NA


NA


NA


NA


169539.8 113313.9 156441 131383.2 171492.2 164512.1 134546 167587.5 117810.4 148369.9 128220.5


NA


65154.97 60646.69 61687.04


51541.88


NA


146285.2 148139.9 144430.4


NA


50824.01


81395.58 67031.86 91446.81 69848.71 71344.36 64215.01


NA


NA


NA


466502.5 463323.4 469681.7


14670.08 12699.96 15568.92 21265.34 13103.68 11872.45 15314.26 22171.15 16236.48 13527.46 15823.59 20359.53


268355.8 236015.8 229376.3 284014.5 237315.5 235448.2 252697.1 234716.1 223304.4


NA


31961.93 19200.51 29399.74 30629.21 19360.35 27333.58 33294.65 19040.66 31465.91


NA


NA


1918591


NA


NA


NA


75607.97 77513.96 73701.98


NA


NA


NA


950226.6 935747.2 964705.9


NA


5246763 3146577 3833638 4490267 4807257 5158595 4555482 5255544 3090469 3832896 4459500 4862096 5311256 4557843 5237981 3202684 3834380 4521033 4752418 5005935 4553122


385401 339668.6 438294.8 399795.8 541120.9 463873.2 418696.7 393370.1 451108 573774 465267.4 352105.2 468556.9 431999.3 508467.7 462479


612633.6 565251.3 612567.2 470362.3 557610.2 551456.6 595594.6 476083.7 643570.5 579046.1 629539.8 464640.9


1173414 1072975 1480685 1404482 1509263 1187360 1110285 1132564 1030895 1488452 1452092 1600146 1234904 1115055 1472918 1356872 1418379 1139816


121622.3 144903.2 102367.5 120718.5 152332.5 103073.8 122526.1 149613


115508.3 70822.85 123215.7 70634.61 107800.9 71011.09


NA


21931.36 22021.2 21841.51


NA


NA


NA


NA


73892.89 74497


NA


410969.5 327803.3 494135.6


908998.1 921905 896091.1


318261.1 327644.9 308877.3


NA


26849.9 24632.67 29067.12


338537.3 236838 293591.5 263522.2 341083.8 239041.6


740870.4 1007711 852966.2 936790.4 472000 816859.8 473392 1060692


3681542 3892699 3470384


NA


5320725 5272571 5368879


NA


NA


1460712 1228841 2798797 1575461 1167892 2545174 1345964 2728479


NA


NA


335273.4 361043.1 336201.3 336101.4


NA


NA


523220.2 972643.9 491329.4 1011501 555111.1 933787.1


27626.74 25544.9 28144.93 26330.24 26593.05 24759.57


500212.6 426637.2 573788


NA


NA


NA


NA


353857.8


212619.7 231328.9


NA


151058.9 146914.1 155203.7


41768.7 44256.27 39281.12


357102.6 377165.6 337039.6


1282252 1926230 1069391 1172765 1772609 1049114 1091305 1220927 2079852 1089667 1254224


NA


408181.4 181973.3 383088.4 174204.3 402779.8 189742.3


69781.01 67517.38 72044.64


40769.7 37079.77 44459.63


NA


651430.1 487839.9 617873.7 527682.3 684986.5 447997.6


NA


NA


NA


NA


NA


NA


236823.2 234370.5 239275.8


736071.3 696262.4 748337


204097.5 216652.3


916030.1 1397364 900814.6 1414440 931245.6 1380289


81320.18 136763.3 80550.4 153052.9 82089.97 120473.7


166490.2 169614.5 163365.9


NA


NA


2244541 2210893 2278188


182637.2 190380.2 174894.1


NA


48078


224588.2 197529.8 251646.7


NA


795912.3 762592.8 845100.8 782609.3 752964.9 825557.6 761403.5 822777.6 785891.6 753273.9 766266.9 763782.2 867424 779326.9 752656


NA


218714.3 222158.3 215270.3


167009.1 136975 171842.5 91054.9 171583.5 159810.9 134056.7 85182.06 174207.3 139893.4 167014.6 96927.73


470391.3 490006.6 450776.1


199444.2 207569.3 292568.5 182880.8 222222.7 209259.7 202686.6 281913.7 184904.3 210071.8 189628.7 212451.9 303223.4 180857.3 234373.6


NA


NA


NA


NA


NA


NA


9708735 9321660 10095809


NA


232886.3


NA


NA


162904 108759 173985.8 103410.9 151822.2 114107.2


NA


20473.06 21564.46 19381.67


NA


33047.43 35087.68 31007.18


19179.15 23587.34 36490.35 20855.99 21336.93 36885.36 17502.31 25837.75 36095.35


NA


NA


NA


465561.3 454371 324652.5 479600.4 451543.9 348894.8 451522.1 457198.1 300410.3


409165.1 421600.7 396729.6


551954.4 391993.1 569159.6 387639.7 534749.1 396346.5


141684.2 133521.9 149846.5


NA


NA


492534.4 687537.8 693071.3 526998.8 458069.9 663470.5


659744.7 889474.1 652077.5 914933.6 864014.6


170193.7 267426.7 283164.5 176481.2 277016.9 308189.4 163906.1 257836.5 258139.7


NA


598211.6 543196.5 766074.4 365766.6 591642.9 587412 779839.8 378237.8 604780.4 498981 752308.9 353295.4


109431.5 105855.3 113007.7


885413.2 715540.7 564476.9 479433 921710.1 763855.2 519375.1 503181.6 856581.3 667226.2 609578.7 455684.5


147368 149905.6 144830.4


291421.7 386892.7 357723.5 287793.8 403499.2 365908.3 294412.6 295049.7 370286.2 349538.6


236299 116878.2 210675.2 122112.1 244259.7 181427.3 111644.3


NA


NA


1058786 1272880 1030453 1251002 1097699 1294757


1084642 1953159 1786831 1979570 1712279 1114940 1926747 1861383


50867.17 53220.65 48513.69


NA


NA


1045441 1019159 1071723


NA


NA


61159.19 88494.6 67771.64 85912.45 54546.75 91076.75


522812.1 778274.1 492733.1 744380.4 552891.1 812167.7


217849.9 174954.2 217759.4


11521.67 10646.02 12397.32


219189.8 200920 225125.8 128702.7 231633.7 232708.2 241429.2 155715.6 211305.7 218654.8


221730.3 297953.5 221322.4 300218.5 222138.1 295688.6


NA


118986.2 119987.7 117984.8


NA


NA


131270.4 131360.2 131180.7


NA


131383.1 102420.2 122439.4 91084.87 140326.7 113755.6


NA


NA


NA


239579.6 161248.8 237001.9 154068 242157.4 168429.7


NA


649901 653889.9 645912.1


55147.25 41897.5 52590.77 40766.28 57703.74 43028.72


103266.4 102049.4 75777.91 103226 80586.99 103306.8 104037 70968.84


NA


NA


NA


2121357 2267548 1975166


NA


NA


NA


NA


NA


38739.11 53646.61 35364.97 54231.44 42113.26 53061.78


19621.83 24016.81 26373.06 17341.51 25210.19 26022.15 21902.15 26511.82 22823.43


31958 31984.62 31931.38


77508.91


564234.1 539271.5 500057.1


NA


NA


NA


391516 226680.3 420720.2 235974.9 362311.9 217385.7


NA


1538162 1543920 1532405


NA


332801.5 322208.1 373958.5 244272.3 305270.4 321116.3 388171.8 245567.3 360332.6 323300 359745.2 242977.4


NA


95766


NA


NA


45810.64 44219.56 47401.72


NA


NA


NA


NA


557665.4 768273.5 541598.1 684398.6 573732.8 852148.3


216250.3 220986.9 211513.7


1331954 1360801 1303108


NA


NA


356401.5 467102 552128.3 575794.1 652063.2 482235.6 555036.5 549280.9 657669.6 405403.6 451968.3 549220.2 602307.3 646456.8


NA


38768.3 38804.84 38731.77


NA


164361 168056.7 160665.2


NA


673658.3


NA


NA


67649.59 64017.46 67069.66


NA


NA


NA


67766.23 68815.21 66717.25


NA


NA


NA


NA


43602.15 45451.67


64531.61


526070.5 498746.5 553394.4


59634.33 62471.57 61938.21 61134.54 57330.45 63808.59


NA


38041.44 38675.07 37407.81


NA


NA


621123 570518.2 602271.2


40668.85 41081.34 43029.83


188191.1 187446.7 188935.5


46574.87 49509.84


615953.7 589320 642587.4


NA


70613.32 73739.62 69559.32 74884.56 71667.32 72594.69


96944.33 137040.3 98751.89 124168.9 149911.8


NA


115373.9 95713.47 133685.7


NA


NA


NA


NA


NA


433999.2 428269.5 439728.8


NA


NA


49514.11 64294.65 49496.43 60546.39 49531.79 68042.91


NA


NA


49442.43 53968.38


NA


NA


417848.3 252480 374734.8 258421.3 400685.9 243378.2 381247.4 252395.4 435010.8 261581.8 368222.2 264447.3


NA


277317.5


NA


788677.3 746441.9 830912.6


993854 1041327 691825.5 697615.8 1059249 743384.6 708320.4 1150523 1023406 640266.3 686911.2


3202827 2078949 2885629 3209563 2197504 2778588 3196092 2992669


2191649 2806070 2858474 2145599 2770428 2834264 2237699 2841713 2882684 1825083


295699.3 265102.5 326296


NA


39650.66 39075.31 40226.01


NA


NA


NA


NA


NA


NA


NA


NA


23401.47 46148.08 40184.73 23343.58 45522.73


NA


NA


NA


NA


NA


NA


NA


NA


NA


NA


NA


51376.58 55096.3


46367.42 46313.75 46421.1


NA


195667.2 217116.5 204012.9 225142.5 187321.5 209090.4


NA


NA


154869 115660.1 143639.1 199380.2 155852.4 195468.9 116310.3 167268.2 153885.5 115009.9 120009.9 187622.6


NA


NA


NA


NA


NA


NA


NA


NA


1372333 1365403 1379262


NA


NA


NA


NA


47295.95 48058.32 46533.59


NA


638413.4 619834.4 656992.4


NA


NA


NA


500470.5 336318 536923.1 341606.9 464018 331029.1


NA


NA


NA


74835.68 83382.95


307466.3


NA


NA


468653.8 454941.1 482366.5


271307.7 340631.1 234240.5 226857.9 269546.1 354189.9 243418.9 227085.4 279774.5 327072.4 225062.2 226630.3


NA


NA


NA


NA


NA


NA


177717.2 179114.2 176320.2


NA


165111 165990


NA


NA


NA


NA


NA


NA


195764.9 193186.7 198343


124174.2


78210.02 117546.3 74413.81 122013.1 82006.23 113079.4


NA


203401.3 344623 326488.9 350240.8 232981.9 145690.9


216917.5 301449.8 197417.2 282731.9 236417.8 320167.8


31646.51 67112.43 69332.56 65792.18


61350.52 63217.61


1034803 1768820 802901.2 1079735 1627536 810995.3 989870.6 1910103


1395614 883957.7 718560.8 613322.5 1375967 810889.8 737472.3 1415261 957025.5 699649.3 626107.4


66508.93 75991.32 91031.32 60196.54 66291.86 92036.9 61000.37 66726.01 80160.08 90025.75 59392.71


346764.4 662176.6 341189.2 678961.1 352339.6


NA


953275.8 897794.5 960026.3


44248.93 44946.49


NA


211276.6 199736.8 222816.5


NA


104457.8 93019.54 112706.9


NA


2808840 3105345 2511805 2982199 2453039 2829322 3349779 2570570


2320038 2243053 2015569 2294644 2407191 2025279 2050944 2005858


592563.7 787662.4 581755.4 344575.2 675968.6 806185.2 571103.9 361566.4 536692.6 766216.3 601929.1 327583.9


NA


NA


NA


NA


46921.32 42466.42 48280.06 46160.98 45562.59 38771.85


NA


54806.55 64286.59 51924.35


29583.3 28621.83 31493.77 31314.26 27672.84 25929.41


480916.6 479285.6 482547.5


382132.7 385393.7 393548.4


NA


NA


NA


NA


51281.06 54692.87 47869.26


NA


NA


NA


NA


66043.39 33610.97 70951.98 61134.81 34034.23


NA


242335.3 301072.8 172224.8 322784.5 238324.9 166822.6 246345.6 277618.6 177627


NA


NA


51136.18 51190.23 48917.64 49751.61 53354.73 52628.86


NA


NA


NA


NA


NA


57897.23 71065.91 59093.18 70730.86 56701.28 71400.96


126228.5


26184.49 23301.56 29067.42


261813.7


NA


NA


NA


NA


143137.3 151493.7 134781


NA


70546 62306.55 78785.45


NA


NA


NA


42964.63


62446.48 57848.81 67044.15


263760.8 256624.3 270897.4


263028.8 280880.7


57785.41 54657.13 60913.7


543042.3 576786.9 509297.7


NA


51777.67 54526.78 49028.56


204856 211034.6 198677.3


126196 108638.9 124129.5 109205.6 74092.86 128262.5 108072.2


NA


NA


NA


NA


63836.82


NA


50762.55 52154.03 49371.07


675469.7 468137 632327.5 470094.8 718612 466179.2


187447.3 206553.9 183456.9 253710.9 191437.7 189667.4


NA


204651.8 144545.5 196653.7 212649.8 303263.5 149065.7


NA


84081.38 78770.43 89392.34


NA


909673.1


1068335 1294533


535662.3 509205.4 562119.2


NA


NA


NA


NA


NA


NA


NA


NA


593645.5 582434.9


NA


NA


3274348 6110225 5535073 3384584 6361509 5392392 3164112 5858940 5677754


NA


421770.6 521496.3


NA


NA


NA


152218.5 281400.1 159253 292814.5 145184 269985.7


NA


1004005 846803.7 1009539 794503.6 998471.4 899103.8


552361.7 768160 462789.4 620923.4 725559.9 477420.3 573443.9 810760.2 448158.5 358092.9


27825.95 28434.83 27217.07


NA


NA


NA


NA


NA


192635.3 266530.1 173387.5 258162.4 211883.2 274897.7


NA


NA


NA


414982.4 386243.5 405507.8 402359.8 424457.1 370127.2


190970.7 181847.6 200093.7


747884.2 701856 793912.5


2111076 1049520 2005574 1018075 2216578 1080964


25808.24 30508.71 24567.15 30804.82 26742.72 28036.65 27124.09 28980.97 24873.76 32980.77 22010.21 30743.85


85487.39 55036.43 90151.95 55385.65 80822.83 54687.21


199534.4 239152.9 211227.6 213598.6 187841.2 264707.3


147742.8 93338.28 159404.3 85275.9 136081.3 101400.7


NA


194139.7 198214.8 190064.6


NA


42728.74 41938.67 43518.81


NA


84098.09 86975.8 83134.36 90269.85


NA


NA


48237.79 37906.49 50896.5 38146.52 45579.08 37666.45


240936.2 162231.5 168463.5 360891.8 234316.2 155115.6 168923.6 340080.2 247556.1 169347.3 168003.3 381703.4


52812.05 52174.58 54576.99 60908.14 51047.12 43441.02


432221.5 262218.7 279082.8 402450.9 378249.3 414702.4 238891.5 293978.5 482626.4 285545.9 264187.1 368036


NA


156038.5 99428.37 214315.9 132236 159201.7 106077 136278.1 205501.3 152875.3 221392.4 128193.9


NA


NA


NA


1020933 924151.9 1076406 970121 643823.4 965459.3 932267.2


173876.2 209061.8 350735.1 174009.6 213042.3 320414.1 173742.8 205081.4 301161.5


29372.44 51850.02 29781.01 49751.84 28963.86 53948.2


101681.9 100820.5 97072.03 90747.2 106291.8 110893.7


NA


NA


NA


NA


NA


NA


19694.68 20463.28 18926.08


NA


NA


55176.27 27957.03 54788.81 55563.74 31014.93


324745.5 328108.9 321382.1


227827.4 169619.5 254351 201303.9 164487


38234.77 39240.89 37228.64


NA


NA


NA


147402.3 210379.5 153754.3 219708.7 141050.4 201050.3


NA


NA


104587.2 102712 106462.3


300525.1 212485.4 218675.8 192881.5 288304.6 208499.9 215023 312745.6 216470.8 222328.6 199203.8


73763.74 77936.42 34426.04 61478.34


135959.9 185017.9 136018.1 180580.9 135901.7 189454.9


NA


55471.71 53497.45 57445.97


NA


NA
0
0
