NA


38306.07 78010.55 37023.63 78343.35 39588.51 77677.75


49896.6 51783.57 48009.62


1019055 765841.4 649870.6 1078108 807824.4 960001.5 723858.3


NA


NA


NA


NA


NA


NA


NA


69640.57 50409.35 49335.21 40212.37 70197.36 55528.54 48020.85 39624.48 69083.79 45290.16 50649.57 40800.25


NA


NA


171317.3 134072


NA


337241.7 337860.5 336622.9


90970.67 144854.5 98754.97 146260.5 83186.36 143448.5


539631.1 369924.8 314247.9 510520.2 572728 368065.3 339187.5 492094.6 371784.3 289308.4


203503.8 170002.3 155725.6 278485 194416 157784.5 156457.3 279128.8 212591.7 182220.2 277841.1


120064.1 62090.26 110957.2 52720.92 124991.9 71459.6


174179.2 117059.9 167450.3 113292.5 180908.1 120827.2


83052.97 95364.88 70741.06


175937.9 77304.45 184568.6 85950.77 146369.1 68658.12


97268.66 94563.03 100014.2 93640.1 94523.16 95485.97


423870.1 435243.3 412496.9


NA


NA


NA


NA


NA


NA


NA


NA


NA


NA


NA


NA


NA


NA


1106666 1149579 1063752


70118.22 77929.04 112812.9 104261.6 77324.1 79938.3 133566.1 122140.7 62912.35 75919.78 138761.2


NA


104824.4 109984.9


269890.4 267933.4 271847.4


228980.8 225800.7 232160.8


116373 148881.9


NA


NA


NA


NA


693930.7 711746.2


NA


279385.8 337051.2 216512 221720.5


319982.8 324253.1 315712.6


NA


NA


NA


NA


NA


NA


NA


59801.68 61548.95 58054.42


521547.6 679792.2 695234.1 493470.7 717272.3 686825.4 549624.5 700273.6 641890.9


57182.67 47798.08 58902.47 43306.97 55462.86 52289.2


NA


NA


NA


NA


NA


NA


162668.4 185373.1 156938.2 146902.8 194557 153430.2 178433.9 176189.3 160446.3


9239.225 9502.419 8976.031


98517.26 92531.64 115419.5 79573.1


253724.2 297003.7 246919.1 260529.4


NA


NA


NA


242548.8 261806.6 223291


NA


34574.45 34570.13 20841.68 34578.76


NA


NA


NA


306367.4 562955 308034.4 593822.1 271234.9 304700.5 532087.8


529416.7


63190.92 70226.59 56155.26


2617018 3221434 2720848 3499629 1370260 2513187 2992897


439717.3 285874.4 264788.3 293869 423630.3 319799.5 289082.3 288562.8 455804.3 240494.4 299175.2


NA


NA


NA


47188.87 34006.67 60371.07


304405.7 352125.5


NA


171878.3 190822.8 149903.4


NA


NA


NA


5693925


33632.62 24848.1 34537.1 23125.46 32728.14 26570.73


8136112


NA


31979.87 28940.09 35019.65


NA


NA


877543.1 763821.3 655063 1041527 915592.7 768009.2 780519.8 680020.5 963943.4 839493.5 818982.5 747122.9 631365.1 1031936 457955.5


978423 1845317 969043.3 987127 1840958 915893.7 969719 1849676 1022193


399675.9 406731.6 392620.2


157441.1


NA


649009.8 628330.1


8050139 9055289


778441.3


NA


NA


NA


NA


9729.459 9429.819 10029.1


NA


24812.53 15437.21 23823.66 21975.29 15549.18 21307.33 26149.18 15325.24 26339.98


179942.6 120034.7 173766.9 122403.7 169628.1 117665.8


102917.4 69447.28 107890.7 89749.97 112695.2 70512.82 107680.5 68381.74 100831.7


126533.7 132182.6 120884.7


NA


89978.34 87643.99 92312.7


7693573 8531281


NA


2253571


678095.8 542003.3 683075.9 584503.9 673115.8 499502.7


180983.4 183429 278026 277281.4 328457.4 178715.7 193392.5 281422.3 279617 222242.3 183251.2 430048.4 274629.8 274945.8


NA


NA


NA


NA


NA


NA


NA


145097.5 135740 108882.7 145494.7 133944 115719.1 144700.2 137536.1 115673.5


45719.32 52745.17 37680.74 38693.47


44666.56


NA


16402.33 16049.37


NA


NA


516362.2 505046.6 527677.9


NA


NA


50297.53


168606.5 180131.7


NA


67432.41 71001.46 54447.41


NA


131575 107478.1 155671.9


58121.56 64477.43 58203.43 66729.17 58039.69 62225.68


NA


NA


NA


NA


NA


161250.7 162491.5 160009.8


363144.1 366056.5


NA


4619514 5517648


550546


3584657 3972630 3196685


2601327 2663425 2449452


NA


302963 328849.6


NA


NA


NA


767954.4 716196.4 740540.6


247846.1


762037 489769.7 723590.1 880531


476341 375241.2 709892.1 683702.9 487127.2 366369.2 727431.4 780014.4 465554.8 384113.2 692352.7 587391.5


115024.5 74914.85 112212.8 64548.58 117836.1 85281.12


732165.3 719320.7 745009.9


NA


316937.8


NA


108139.3 107657.4 108621.2


NA


32622.77 28699.47 36546.07


NA


66909.76 78740.41 70974.71 67807.14 89673.68


NA


38187.56 38473.12 37902


266494 176264.2 292984 182945 240003.9 169583.5


NA


NA


NA


793378.4 1053742 825416.1 1045966 1061518


NA


NA


NA


NA


27383.88 22722.2 26595.41 27224.85 28172.34


115130.5


89817.8 87815.18 61004.9 90671.15 91621.71 88964.45 84008.64 62175.02


NA


339074 316355.8 327467.2


NA


NA


NA


NA


64450.76 62674.25 66227.26


334863.4 330681.2 339045.5


NA


NA


NA


NA


NA


NA


15326.34


146020.1 242643.7 169105.2 147122.9 247654.1 159621.4 144917.3 237633.2 178589.1


150092 159807.6


NA


157105.9 109476 170719 143492.8 111219.4 96585.23


154097 140578.6 154460.6 139693.9 153733.5 141463.4


NA


NA


NA


NA


NA


NA


NA


NA


NA


NA


NA


NA


NA


622027.7 551557.5 673114.8


NA


NA


NA


NA


376388 375810.9 401069.1 387257 345562.2 407346.8 365518.9 406059.6 394791.4


NA


NA


NA


33677.91 34048.48 33307.34


54664.99 77945.46 78559.54 58475.37 77331.37


NA


NA


NA


83027.65 80286.54 85768.76


1805847 3262172 2450771 1870447 3123241 2436056 1755005 3401104 2465486


NA


66375.03 70865.72


53647.17 54537.03 52757.3


NA


166345.8 187213.2 164876.8 190054.3 167814.8 184372.1


1612056 1232330 1616703 1672943 1607408 1309062


614474.4 465226.4 656796.9 518933.2 620778.7 411519.6


108374.6 151403.8 162333.2 116916.6 140474.4


4846080 2728124 4686974 3011943 5005186 2444305


748704.4 1169872 1003564 712480 1164573 1004258 784928.8 1175171 1002869


130378.2 153975.2 129071.2 152984.4 131685.3 154965.9


100932.4 94627.63 107237.1


491898.4 485921.9 469619.3


82386.79 60025.42 83467.06 59479.96 81306.52 60570.87


144152.1 93380.44 107179.2 148486.9 145518.5 85997.51 85808.22 142558.6 102783.7 128550.2


NA


85327.85


NA


NA


194017 224027.8


103434.1 106846.7 113820.5 103239.8 109775.5 120477.3 103628.5 103917.8 107163.8


296189.9 491062.6 370357.3 465653.6 313370.3 501218.8 337564.4 477463.8 279009.5 480906.4 383302.6 453843.3


105451.6 103264 107639.2


57037.85 47558.38 66517.32


826858.2 1948748 850114.6 1928737 1817532 833197.2


62525.42 37043.29 58620.86 26489.88 62967.55 47596.71


394540.3 377563 411517.5


175695.9


NA


NA


2916009 4899407 2647250 3053108 2434034 2778910 5196860 2860466


11395510


NA


NA


590929.4 700440.1 1077358 939783.8 615892.1 704034.4 1099967 928829.2 565966.8 696845.7 1055470 950738.3


275033.3 280473.8 134407.9 269592.9


125491.1 98163.33 171127.3 140898.9 180044.5 91363.73 110083.2 103071.1 162210.2


1546045 1591744 1500346


98559.29 87491.4 92315.5 80032.54 104803.1 94950.25


22600.29 22264.72 22935.86


33397.83 33374.93 32602.92


97769.28 88043.66 82216.93 79737.26 113321.6 96350.06


66379.29 74500.32 71093.16 71457.36 61665.42 77543.29


NA


76042.62 98350.2 72204.18 92615.12 79881.06 104085.3


NA


101029.5 147981.5 121064.4 165941.2 101188.8 118366.9 165604.8 145079.8 122248.4 108655 83692.12 150883.2 119880.3 150813.2 93722.55


69293.36 75837.21 76539.78 62749.51


102157.2 98573.63 105740.7


167260.4 170085.1 170950.9 176412.3 169219.2


12010.57 12300.04


95199.1 75835.5 60660.83 93082.74 72562.03 59913.37 97315.45 79108.96 61408.3


36455.67 36109.23 36802.11


529027 515217.2


37095.7 34654.96 39536.45


224772.9 237305.3 212240.5 146467.4


39861.59


NA


NA


1671725 1769440 1574010


295913.4 445655.9 409820.6 689336.4 631542.8 532750.8 276928.8 446880.3 444754.1 652962.5 659978.4 452044.9 444431.6 409517.5 725710.3 600361.6 613456.7


104711.2 137514.4 116238.4 128517.6 93184.02 146511.1


95761.36 100327.6 94351.66 81421.42 57790.2 97171.06 119233.9


NA


NA


NA


NA


82529.7 79411.32 85648.07


14611.97 14991.95 14231.99


422951.3 348377.8 390378.2 416632.4 382057.1


76260.08 76686.73 75833.43


NA


255138.8 378638.7 191969.6 248490.4 382396.6 181135.4 261787.1 374880.8 345793.6 202803.8


NA


NA


22457.95 17541 14647.72 20813.32 19024.47 24102.58 13632.63 16057.53 14103.2


NA


103843.4


NA


NA


NA


NA


2300789 1797240 1708324 2306951 1882217 1729330 2294627 1712262 1516218 1687318


NA


NA


NA


NA


NA


146318.1 141044 151592.3


NA


88381.14 122937.4 87760.82 121086.3 125975.9


NA


NA


NA


NA


NA


NA


NA


56498.98 53130.36 59867.59


48892.49 46805.98 50979


NA


NA


NA


NA


52119.17 54967.4 54405.83 55595.05 49832.51 54339.75


NA


NA


545478.1 425289.2 665667


NA


NA


67039.36 71417.82 62660.9


351434.9 236051.2 359540.7 233385.7 241862.3 343329.2 238716.8


36595.83 38887.58 34304.09


NA


NA


142812.6


NA


NA


NA


NA


21095.03 20170.46 22019.59


NA


NA


NA


NA


41783.92 40060.06 43507.79


NA


NA


NA


NA


279261.7 274617.6 283905.8


54555.89 53789.44 54787.77


NA


NA


932812 1081612 1225816 747308.6 594001.8 632800.2 914364.7 1092739 1295166 763593.9 656089.5 588031.1 951259.3 1070484 1156467 731023.3 670437.6


113406.7 113656 113157.4


1240979 1425731 1056228


NA


2181209 3464181 2098239 2307672 3174729 3887798 1989873 2054745 3753633 2206605


5755.218 5802.954 5707.483


NA


NA


450014.6 469427.9 430601.3


36469.79 33433.5 39506.09


NA


NA


NA


NA


NA


876628 486368 945466.7 528260.6 751027


928599.5 966468 890731.1 628935.4


40676.87 57198.92 40639.11 46248.09 68149.74


NA


NA


NA


32338.67 35633.89 27197.3 25448.3 36007.8 37480.04 45819.48


NA


44575.26 35689.43 53461.08


NA


NA


NA


219662.9 187567.7 197762.9 183009.9 206980.7 218936.2 216966.1 192125.5 188545.2


3796332 3914097


41650.62 38379.59 44921.65


491870.5 214008.2 493563.5 473625.2


244825.2 253436.7 236213.7


678042.4 738538.3 816695.8 872596.9 1402736


1181479 1252847 1038064 1267895 1324894 1237800


624887.1 493702.7 588589.9 661184.3 529173.6


69689.97 83524.24 51008.86 70214.45 85576.72 49893.03 69165.49 81471.77 52124.69


154840.6 227488.8 109708.7 161915.7 241398.4 204105.1 271417.1 158051.5 213579.3 118100.2 119726.4


NA


178829.3


NA


NA


NA


NA


NA


NA


NA


66283.08 73045.81 59520.34


11865.36 10893.22 12837.51


113546.4


107277.8 105362 109193.6


NA


81963.38 42132.18 42116.47 80539.52 43618.66 44907.39 83387.23 40645.7 39325.56


327649.2 321915.1 333383.3


1653316 1511979 1794653 1280755


148737.4 139249.7 158225.2


NA


NA


331606.7 278271.6 362963.9 329021.2 342006.9 290916.7 331283 328672.8 321206.6 265626.5 376444.9 329369.7


NA


NA


14612.54


NA


87173.45 89254.25 85092.64


NA


15969.6 25486.77


NA


NA


221074.3 132584.3 214870 128634.5 217741.8 136534.1


NA


1074564 1104798 1000356 1011476 1197783 923432.2 1137652 1077279


NA


259039.4 377300.1


79755.36 83153.91 76356.81


603315.2 734576.8 964550.1 1059253 676036.4 808169.5 622410.6 582085.7 785650.1 1027098 1028073 895588 722438.4 624544.6 683503.5 902002.6 1090433 719214.8 720751 522382.9


36830.68 49097 46781.78 47382.75 38246.83 40340.46 50811.25 55316.73


89671.34 90350.83 88991.86


676684.5 713633 639736.1


93483.87 95379.45 78112.75 89869.92 105662 81718.45 97097.82 85096.9 74507.05


NA


NA


191470.9 162017.6 148379.8 183682 132587 199259.9 191448.2


236433.2 242918.4 229947.9


295165.1 320538.3 302176.3 220023.9 230930.2 262001.3 343139.5 300902 328328.8 297937 303450.5 213043.7 237523.9 217758.8


422568.5 245124.1 220951.1 427520.1 248014.5 203120.4 417616.9 242233.7 250775.8 238781.7


NA


217291.2 239261.2 377932.3 226377.4 394119.8 256793.9 208205 221728.5 347666.7


NA


NA


NA


13860.23 16549.33 11542.9 17517.85 16177.55 15580.81


NA


NA


NA


106726.4 103168.4 110284.3


NA


50415.09 49005.73 50218.9 52184.69 50611.28 45826.76


23491.84


NA


470133.3 508971.4 429017 431295.1


48902.34 45651.05 52153.63


NA


NA


NA


118648.8 110358.8 126938.9


NA


29523.09 36591.65 22454.54


NA


82220.09 106143.8


NA


NA


NA


NA


209956.6 232182.1


2078080 1936261 1223368 2219898


7583642 7259978 7031994 8768106 7487963


NA


NA


NA


133626.5 127517.9 139735.2


NA


NA


NA


NA


NA


NA


NA


202602.5 212363.6 194748.7


216480.3 213082.7 217291.5 169129.8 206501.9 199961.4 213355.2 163823 226458.6 226204.1 221227.8 174436.5


NA


NA


368439.6 332944.9 403934.3


16511.87 36531.94 36367.73 19720.04 36696.16


NA


18701.11 18836.12 21117.88 21901.81 15773.52 22499.31 20096.76 26195.38 21628.7 15172.94 22138.99 17608.23


36157.66 37283.52 35031.79


NA


NA


41648.77 44355.05 38942.49


82380.65 66072.99 92832.1 51951.9 74227.09 48644.39 67636.11 91005.96 45471.75 90534.21 64509.88 94658.24 58432.05


89168.77 138228.4 111401.3 86537.86 136829.8 115460.5 91799.68 139627 107342.1


560622.5 733194.3 513755.2 716933.9 607489.8 749454.6 354574.4


147223.2 106640.4 153618.3 109182.5 140828.1 104098.4


723411.5


NA


NA


102124.7


174958.1 191267.8 158648.3


1247181 1553680 1840992 1224650 1290468 1486698 1674815 1021053 1203894 1622944 2007169 1448756


91087.46 97164.3 85010.62


NA


NA


NA


865027.2 803656.9 921822.4


150937.7 161762.7 140112.7


83894.63 81073.69 82007.29 82939.68 81355.7 79207.71


23587.57 48500.74 43978.03 22323.73 47542.58 41026.27 24851.42 47231.8 46929.79


NA


462253.2 448670.8


NA


401862 388871.3 414852.7


NA


NA


64717.75 31645.09 63801.28 29688.53 65634.22 33601.65


16064.99 15111.29 16997.45


217628.7 119800.7 234482.7 117713.1 200774.7 121888.3


302568.6 311562.8 277816.9 305510.1 317422.9 232582.1 279617.8 299627 305702.7 276015.9


NA


NA


317663.6


NA


NA


37206.7 38893.14 35520.26


78761.94 164917.2 72212.18 81440.79 165492.5 76083.09 164342 77043.76


NA


368625.6 270163.3 217241.2 315458.6 272763.7 266724.8 207546.6 349667.7 448064 273601.8 226935.8 281249.6


107612.4 109544.3 105680.4 65259.73


375739.6 374572.2 376907.1


NA


53515.23 43484.61 56343.11 43589.56 50687.35 43379.65


NA


NA


NA


NA


NA


234688 240017.7 229358.2


323237.4 348390.3


NA


NA


31899.27 31759.87 32038.67


1094399 1048706 1140092


520316.4 527034.2 427937.8 513598.7


NA


108731.6 95209.88 91169.12 108989.1 99250.64


NA


NA


NA


NA


74481.93 79567.48


29044.12 29809.48 26382.37


173219.3 142969.3 171920.8


93598.07 95984.97 91211.18


NA


NA


NA


NA


NA


63480.29 65582.82


NA


45418.73 45802.45 45035.02


NA


NA


NA


281362.4 225319 138295.3 288716 202467.7 208615 274008.9 248170.3


2629907 3651039 3887847 2805076 2647692 2764255 3641088 3949841 2658691 2625145 3660990 3534457 2951462 2678223


674319.7 396509.5 328497.5 646211.1 401905.8 337950.1 687992.7 391113.2 319044.9


1097577 1604989 1953554 2337101 1357709 1184029 1604651 1685161 1923970 2262661 1445458 1605326 1983139 2318316


737080.7 728922.2 753897.3 730197 720264 727647.4


185260.9 144367.7 281652.4 170478.7 192686.8 146594.8 252144.4 179646.9 181619.1 291279.9 142140.7 161310.4


824135.5 501291.9 859880.4 474895.1 806360.6 812035.3 527688.6


148247.8 145461.3 151207.7 135229.9 145288 155692.8


NA


123128 218453.4 144103.8 202870.1 226707.3 102152.1


NA


59211.06 61286.49 57135.63


26511.88 28224.36 24799.39


NA


NA


128232.2 145918.6 110545.9


214759.8 248582.4 215491.3 271198 225966.8


NA


230100.3 222967.2 237233.5


23709.9 23890.09 41917.58 34612.9 37427.1 21656.65 22451.33 24084.69 39076.02 37553.47 33278.16 16931.68 24968.48 23695.49 44759.15 31672.32 41576.04 26381.63


NA


100336 123545.5 125733.5 99200.05 133028.2 139495.8 101472 114062.8 111971.2


25065.49 23559.49 26898.09 27127.42 23232.89 19991.57


717808.3 590617.3 749675 628374.9 695649.1 585136.7


652459.6 494214.8 373523.2 708186.1 658734.3 486663.5 371533.1 638509.1 372313.2 646184.9 501766 375513.3 777863


405162 375455 668420.5 556722.4 424493.5 390408.6 637825.1 552113.6 385830.6 360501.3 699015.8 564295


1071633 1244308 1562987 1065601 1344115 1441225 1077666 1684749


703195.3 488879.7 547155.9 725243.4 537676.7 602204.9 681147.1 440082.7 492107


210341.2 196372.9 224309.5


NA


NA


158579 224872.6 165838.6 237067.8 278534.2 215974.7 139997.5 160805.7 256030.9 265509.3 166675.5 233770.4 185259.6 291559.2


258698.3 257559.9 259836.8


51662.8 55554.09 47078.94


NA


NA


NA


NA


NA


273151.2 274282.4 272019.9


33494.29 32925.11 34063.47


NA


NA


NA


NA


354550.3 358327.1 350773.5


342132 318035 361486.7 323854.7 322777.3 312215.4


NA


NA


489478.2 279564.7 380098.2 506256.4 445862.9 265525.2 383386.9 472700 376809.6


273270.8 285481.7 261059.9


NA


NA


NA


NA


NA


NA


NA


NA


NA


126171


NA


126224.5 120130.2 132318.9


NA


NA


125637.1 130634.9 120639.3


NA


196817


195792.4


NA


469192.2


NA


106566.1 77014.17 108128.8 75933.66 105003.5 78094.69


NA


NA


NA


93774.1 146065.9 87895.64 134983.8 99652.57 157148


NA


NA


NA


320784.4 316699.5 324869.3


NA


NA


NA


NA


47902.79 39964.23 47559.46 41586.65 48246.12 38341.81


179782.9 175218.4 184347.3


247269


131747.1 133288 130206.3


NA


43667.67 36907.84 50427.5


345147.9 513535.6 331378.9 383025.5 307270.2


NA


221861.5 300103.9 320903.1 168940.7 220445.6 331913.6 223277.5 302474.5 309892.6


34239.37 34127.95 34350.8


NA


NA


NA


NA


NA


205215.5 194163.1 216268


73030.62 74245.66 71001.04


NA


381671.3 391571.4 200262.4 373389.3 178344.8


63892.75 65756.18


NA


545113.8 551879.8 310481.7 538347.7


8018.609 13996.79 14666.14 9417.753 6575.357 13186.13 14257.11 14807.44 15075.17


214743.1 159330.3 204631.1 159058 224855.2 159602.5


264979.4 173684 238649 179524.1 291309.8 167844


NA


2065335 3044528


NA


NA


NA


96861.09 101226.9 92495.28


NA


NA


NA


35973.96 34664.93 37282.98


NA


371450.3 184707.7 397917.6 200757.1 344982.9


NA


NA


159281.3 117113.1 142629.4 157860.5 114253.4 160702.2 119972.9


NA


598709.8 450269.1 577643.6


702969.6 707008.2 698931


NA


NA


32216.47 31646.53 32786.41


49610.61 53722.23 45498.99


NA


110079.4 110544.5 109614.3


NA


NA


NA


NA


NA


NA


NA


NA


NA


NA


NA


59316.67 58585.84 60047.5


77312.67 85457.58 69167.77


NA


1109760 1081911 1137608


NA


39020.74 36519.48 39226.66 36723.69 38814.82 36315.27


925552.3 1264056 1712873 1645479 943621.8 1131880 907482.8 1396232 1729149


NA


644980.6 1016484 911902.4 548552.3 928217.5 931584.1 649913.6 1104751 892220.7


155390.5 155988.2 279639.6 149242.5 163327.6 273494.8 161538.6 148648.8 133779.2 277370.6


NA


1458737 886085.5 773119.8 738616.1 1591404 984097.7 848070.3 1448704 788073.3


1049831 988818.6 1002619 847017.6 1097042 1130620


434955.6 552467.7 441646.6 428264.6 615144.6


170681.9 160735 180628.9


81070.81 76152.78 84556.58


NA


537547.9 584060.8 537017.8 599664.8 484248.6 413285.9 544474 574373.1 513323 595158.4 464060.2 530621.8 593748.4 560712.6 604171.3 504436.9 421108.1


25306.47 23274.59 25386.16 23011.38 25226.79 23537.81


NA


NA


NA


64451.91 64783.3 54935.61


656756.1 956070.7 565748.8 667355.7 891553.3 632201.7 646156.5 1020588 509081.1


276696.8


71871.22 93509.79


88377.93 86448.35 96002.05 96107.03 80753.8 83211.84


687313.2


NA


322744.5 334171.6 311317.5


544658 549834.4


NA


173167.5 176905.4 169429.7


NA


NA


140101.3 142759.2


424789.4 424876.6 424702.2


93621 67151.12 95831.31 66225.85 91410.69 68076.39


60108.55


NA


NA


NA


NA


NA


326210 183200 323177.2 173376.1 324761.2 342281.9 182600.5 315508.9 185067.7 290416.9 310138 183799.5 330845.5 172141.7 359105.5


565225.7 689876.4 570376 695900.9 560075.4 683851.8


NA


60557.22


191196.7 173303.5 172421 194317.6 174185.9


NA


NA


NA


84365.03 92606.26 117235.1 86811.66 77114.83 85092.85 101922.3 106959.3 58467.35 67807.61 83637.21 83290.2 122234.5 115156 86422.06


338480.3 331843.6 345117


372873.4 385811.8 240089 363142.9 385535.7 253640.2 382604 386087.9


NA


NA


NA


460565 527421.9 840424.6 448972.8 519980.9 872413.7 472157.1 534862.9 808435.5


60860.71 62510.85 59210.58


357540 385177.4


NA


115715 98471.34 115158.5 113148.2 77373.65 113435.7 118281.7 119569 116881.4


NA


62599.99 85916.1 63262.91 92531.26 61937.06 79300.94


48773.88 35469.8 50170.81 36204.56 47376.95 34998.8


4583765 3208863 4786425 4381106 2940664


NA


NA


NA


517000.3 998508.2 680833 657548.8 880298.6 823063.4 896997.9 704117.2


NA


NA


36498.9 34797.57 36193.02 35334.46 36804.77


NA


163705.7 171879.4 155532


NA


45666.34 64080.42 45553.82 65384.73 45778.86 62776.12


NA


NA


84040.3 165749.1 176013.9 85312.34 155484.2


407446.1 404698.6 410193.6


1021439 1110350 2167914 1124002 2269109 1032069 1096697 2066718


61061.79 68122.1 54001.49


232823.6 258807.1 253656.1 209756.2 247375.5 298234.4 224204.9 218271.8 266103.9 283107.3 202511.8


267731.2 284630.4 217564.1 316240.3 301230.3 253020.6


897767.5 672861.1 444867.2 918906.1 676295.4 876629 669426.8 508700


342559.6 830853.1 723508.1 391596.3 470276.3 357623.7 870115.4 710912.4 434153.2 433283.7 337919.4 791590.8 736103.9 402448.6 507268.9


173364.3 215706.8 186671.5 170380.8 220354.4 181491.7 125761.4 122356.2 176347.8 211059.2 191851.4


390572.3 396187.9


NA


67825.27 75327.56 78561 50108.45 73872.48 68639.45 78025.84 76782.64 80795.4


40728.95 26718.95 45327.87 40157.98 40210 41299.92 27513.7 50445.75


NA


NA


NA


NA


277740.2 301865.4 253491.4


NA


73506.72 65063.76 81949.68


NA


NA


37119.07 29784.14 42529.79


NA


NA


20616.15 18041.38 23190.93


339363.9 347309.2


NA


NA


NA


245452.3 124030.2 234428.5 112974.6 226924.8 135085.7


NA


NA


NA


49720.42 51365.96 48074.88


NA


NA


NA


NA


NA


NA


NA


NA


85687.05 88492.69


NA


12817.75 13859.94


199481 301514.8 257789.2 137203.5 171501.4 287983.8 255835.5 154335.8 227700.3 259742.9 303648.4


NA


112592.6 139561.4 147520.8 116802.1 108383.1 83601.85


NA


NA


NA


NA


NA


39574.85 38299.04 40850.65


1088477 1069249 1107706


NA


104583.6 97576.86 93818.19 79936.72 82657.98 91363.16 100156.2 82433.16 77890.5 78296.45 117804 94997.56 105203.2 81982.94 87019.5


NA


NA


NA


NA


190996.1 168312.3 213679.9


NA


1458801 1045357 2662723 1166597


NA


19182.79 20823.13 17542.45


NA


140593 178731.4 139365 195877.2 141821 161585.5


NA


NA


2173504 2993371 2216503 4372308 1990371 2143732 2922605 2322510 4531364 2203275 3064137 2110495 4213253


39609.53 47559.69


1494852 1620708 1368997


NA


177701.3 166156.3 165625.3 157514.6 189777.2 174798


NA


NA


333843.8 348772.2 318915.3


1283942 870369.8 637433.5 1213602 869439 832568.3 1259877 871300.7


NA


1911894 1857575 1955525 1900544 1868262 1814606


NA


NA


NA


NA


336103.4 360916.3 311290.5 312591.8


1490697 1693739 2493161 1592670 1693519 2069835 1153278 1693959 2916487


232503.5 223014.4 241992.7


205559 197858.4 213259.7


NA


64355.12 61328.88 67381.36


NA


NA


NA


NA


NA


NA


64699.6 70247.25 63456.11


NA


NA


379858.9 326703.2 433014.6


NA


NA


NA


NA


NA


NA


487480.1 468102.8 506857.4


NA


692103


109039.4 171798.2 104030.4 171337.7 114048.5 172258.6


NA


NA


NA


NA


26272.1 22673.3 28561.18


35764.5 37478.36 34050.64


9354.223 10012.68 8695.77


159489.4 143601.4 160243 97456.17 158735.9 189746.6


463750.7 459876.1 467625.4


344969.8 358950.3 402828.2


NA


NA


NA


NA


35928.18 34411.91 37444.46


NA


NA


NA


578883.1 597308 560458.1


278610.2 279791.7 277428.7


226250.8 284420.7 168080.8


238423.5 222212.8 240159.6 198957.1 236687.4 245468.4 187998.7


82819.62 82747.9 82891.34


126870.2 229636.8 206345.8 167308.8 209808.9 125159.4 229895.3 196506.3 219593.6 213432.5 128581 229378.2 216185.4 206185.3


141701 128383.8 155018.2


138696.2 140610.1 136782.2


290122.5 237993.8 322810.2 151232.6 300951.6 242215 295390.9 279293.5 233772.7 350229.6


136440.5 143246.4 97917.93 126846.9 142646.8 100074.4 146034.1 143846 95761.43


NA


NA


5510828 5104575 5917080


NA


NA


NA


2139400


NA


32177.45


121303.5 84812.95 122894.7 120687.4 89599.45 56229.61 120193.4 121919.7 80026.44 125596


NA


203507.5 208916.1 198099


NA


NA


677844 695132.7 591455.9 648554.1 764232 741711.3


NA


142102.9 134638.4 149567.4


114509 112711.8 116306.2


28335.63 21706.04 25955.63 21615.58 30715.63 21796.5


NA


23907.11 23121 20747.03


NA


NA


782813.3 851893.7 713732.9


183645.7 180318.4 186973.1


201405.8 245911.3 165085.6 213310.2 217399.7 163761.5 189501.5 274422.9 166409.8


NA


NA


160070.8 160875.8 75049.15 159265.9


36502.34


428208 643240.8 673510.3 435514.9 600005.1 684741.6 534274.3 420901 686476.5 662279 643726.1


308795 389705.1 204641.4 311053.7 404993.7 219738.9 306536.4 415348.6


215730.5 233401 198060


NA


429943 395037.7 448071.6


NA


NA


NA


1116398 1130070 1102725


816193.3 592373.5 724624 807341.8 664218.3 695733.4 825044.8 520528.8 753514.7


774615.5 787976.2 796795.4


818684.1 884872.3 752495.8


13873.55 20178.73 14194.23 19418.06 13552.87 20939.4


190851.9 124465.9 200916.2 119784.8 180787.6 129147


NA


102496.1


18482.55 18003.99 18961.11


78057.16 80294.39 75819.94


242139.2 228194 256084.4


NA


165112.1 163124 167100.2


23286.36


NA


68694.79 66411.72 70977.85


NA


NA


NA


70715.37 70865.96 70564.79


142372.5 153557.7 127608


NA


NA


90430.03 82993.66 97866.4


150580.2 240199.9 137814.2 236009.7 163346.2 244390.1


728910.2 552075.4 699495.9 489988.3 758324.5 614162.5


NA


NA


NA


692969.3 689636.4 696302.2


55752.42 56526.56 48333.44 54788.58 58745.49 58264.54


247587.9


68639.01 104247.3 66188.94 97309.93 71089.09 111184.6


NA


NA


56456.27 55596.82 40583.25


NA


NA


21226.28


NA


94862.78 74942.58 94433.42 147116.9 96135.58 75766.44 95060.92 161228.6 93589.99 74118.72 93805.92 133005.3


68512.17 67432.97 69591.36


NA


177090.9 183374.4 170807.4


246500.9 209304.5 193001.1 245272.3 216355.1 175125.4 247729.5 202253.8 210876.8


NA


NA


NA


75353.86 127931.2 85429.33 74012.24 119436.4 93156.07 76695.49 136426.1 77702.58


47382.02 45242.74 49521.3


NA


538736.1 344810.4 582106.9 324685.2 495077.9 364935.7


92471.33 128112.1 70355.43 126134.8 114587.2 130089.5


28444.79 27801.41 29088.17


58169.58 55357.07 60982.09


NA


129921.3 152403.2 107439.5


84957.32 92783.98 173303 91678.1 87610.56 167733.2 97957.41 178872.7


54444.72 52071.26 56818.19


NA


NA


NA


69057.18 77788.33 88080.91 68191.59 72321.55 99256.24 69922.76 83255.11 95926.67


NA


565154.7 711947.1 580774.9 777862.5 293683.6 549534.6 646031.8


NA


NA


141058.9 116584.4 154667.7


NA


NA


NA


NA


NA


NA


NA


NA


NA


NA


335191.7 382840.9 287542.5


NA


158035.3 186141.9 129928.6


48252.64 46617.38 49887.9


57374.27 60424.52


187653.9 196197.1


NA


NA


NA


NA


612812.9 585413.4 536615 640212.4


NA


71074.79 35679.01 67700.32 70144.74 32618.63 67803.07 72004.84 39355.89 68347.56


36107.3


254522.9 316944.1 334301.7 251443 329757.7 328954.1 257602.8 304130.5 219794.2 218743 339649.3


NA


NA


NA


216763.5 243295.8 239001 208048.4 243678.1 247800 225478.5 242913.6 230202


299937.9 461073.1 264247 286761.4 449307.1 313114.3 472839.2


23992.79 23913.2 12085.64 24072.38


428575.2 497258.2


43597.63 44749.2 41358.25


23275.4 24216.65 23425.47


66245.59


104553.6 113695.6 95411.61


NA


NA


99689.86 82426.69 98728.53 94082.76 100651.2 70770.62


NA


215466.3 206155.7 224776.8


NA


349439.5 565581.7 347920.1 390126.7 502767.3 628396.2


NA


NA


143831.7 140627.9 147035.4


NA


425080.1 411148.4 439011.8


74914.81 57818.46 61295.74 89664.02


163616.1 91726.08 164643.2 90581.24 162589 92870.92


NA


992788.5


1307365 1320304 1294425


NA


NA


NA


1029859 672989.6 1014374 651952.4 1045345 694026.8


NA


489625.3 475307.4 503943.3


NA


NA


88523.53


NA


696940.6 711053.8 702340


158592.7 147841.6 160616.1 184363.8 99819.47 200831.6 147415.3 149397.7 152290.9 170383 207401.9 194046.1 169770.1 146285.5 168941.3 117982.6 194261.3


3818918


824786.9 808302 758083.4


NA


NA


NA


NA


63645.82 63624.96 63666.68


221065.1 234370.6


NA


NA


103971


NA


NA


NA


280471.1 291815.6 270606.1 292886.7 290336.2


NA


188102.3 179573.1 196631.5


NA


1419978 1547045 1277903


NA


NA


1114240


NA


106023.4 122245.4 130985.6 109801.9 117491.2


38865.92 40382.78 37349.06


NA


NA


70918.5 61939.61 70878.27 59333.52 70958.73 64545.69


2333164 1475253 2386899 1470923 2279429 1479583


35081.58 33936.33 36226.83


54928.82 72099.13 70477.61 61936.44 73720.64


357106.6 330847.3 371422.5


NA


NA


NA


NA


NA


NA


NA


1719092


NA


NA


NA


228178.2 267514.7 273720.7 200382.1 260921.7 253628 255974.3 263491.6 293813.5


NA


NA


99004.33 103439.9 48589.59


NA


NA


NA


NA


83886.19 65640.3 102132.1


NA


NA


NA


NA


NA


NA


56938.86 54531.09 57475.21


NA


164418.2 230846.6 213105.2 173662.8 236737 222802.7 155173.6 222324.9 203407.6


128439.5 127305.6 129573.5


NA


NA


NA


NA


130858 137262.7 124453.3


NA


NA


NA


NA


NA


581754.4 551337.7


124583.8 106370.8 142796.8


1871886


77990.98 82271.5 73710.47


NA


NA


49113.51 48540.16 49686.86


NA


NA


NA


NA


63731.99


194432.4 202258 193485 196091.4 195379.8 208424.6 123991.1


294281.3 251467.8 186085.1 149757.6 184201.4 161125.5 301571.8 186801.1 142641.3 184463.2 172451.3 286990.7 256529 185369 156873.9 183939.5 149799.8


NA


589810.3 624679.5


98044.91 95305.3 100784.5


NA


NA


263133.2


NA


216152 199522.7 228869.3 183363.8 215875.7 215681.6


144137.5 138045.6 150229.3


NA


139312.5 154850.6 124985.1 149619.2 153639.8 160082


NA


185201.3 173605 188027.4 186325.3 182375.2 163548.4


240678.3


NA


63617.83


NA


NA


NA


26341.15 25927.16 26755.15


68821.69 74697.09 62946.28


NA


NA


38977.05 37226.5 40727.59


NA


107600.1 107642.1 107558.2


NA


NA


NA


110229.7 83700.96 105257.6 80915.33 115201.8 86486.59 65728.36


97929.13 94915.08 100943.2


119632.6 125728.7 113536.6


NA


295314.6


NA


NA


NA


NA


34472.37 35840.99 36370.36 39276.9


2629523 2440596 1715888 2033412 1634208 2559495 2582613 1730264 1965003 1726237 2699552 2298579 2101820


153232.6 182163.3 124301.9


NA


73842.44 70662.82 73360.86 70649.87 78044.21 77035.01 79533.11 68677.52


NA


292380.8 275826.3 209215.8 308935.2


NA


NA


NA


NA


NA


131533.5 124020 139047


922143.7


216454 206203.2 226704.8


NA


218698.3 200867.5 214652


240616.4 240058.3 241174.5


29045.8 30414.4 27677.2


NA


126318.7 167172.7 133880.5 164032 118756.8 158203.4


NA


NA


NA


NA


146469.1 186619.6 121393 229247.1 171545.1 171437.8


249259.1 220968.8 193089.8 324371.8 237377.6 374534.4 236928.2 268097.5 366323.2 254798.8 354581.5 261589.9 161769.3 173840 209269.4 282420.4 375452.4


891420.7 997039.8 746821.3 1015876 977348.1 898234.6 531679.2 637771.8 766965.5 1016732 595408.1


318134.8 331369.1 304900.6


52177.91 94239.96 55074.78 105536.3 69121.17


NA


581249.4 464923.6 494926.2 405914 460326.5 571708.8 541517.1


139026.5 102721.2 148580.2


NA


84899.67 64149.49 77999.75 64674.85 91799.58 63624.12


1058493 466343.9 589427.5 471155.8 1062244 471092 608379.3 447121.6 1054742 461595.8 570475.6 495189.9


NA


392627.1 428901.5 234363.9 364658.7 428564.3 242303.8 420595.5 422127 226424.1


119841.6 91874.41 146435.8


NA


NA


NA


70786.98 75129.77 66444.18


102844.2 88944.21 108684 83877.27 97004.36 94011.16


NA


287754.9 565546.4 292684 282825.7


NA


392863.1 389835.2


NA


278898.1 260117.4 297678.9 195501.7


NA


95461.74


NA


NA


44352.06 52882.78


NA


NA


NA


42925.95 34692.38 41604.71 44247.18


NA


NA


NA


NA


34075.64 32135.72 36015.55


NA


NA


NA


NA


NA


NA


NA


695943.2 739920.3


NA


NA


NA


NA


40204.71 38598.88 36715.1


NA


NA


NA


386572.7


NA


NA


1432377 2017638 1697571 1921661 1167183 2113615


245780 249009.9 242550


495061.1 620008.8 698780.2 535120 652659.3 699814.3 455002.3 587358.3 697746.1


12724.17 12751.38 12696.97


323589.4 307577.9


NA


163604.3 295340.1 326163.4 208892.9 152029.4 298982.9 332811.2 216674.5 175179.2 291697.3 319515.6 201111.3


201316.7 207917.1 194716.3


NA


861021.3 837060.8 884981.8


307634.3 312989.7 302278.8


209892.4 125704.2 141731.5 208782.9 114042 140883.9 211001.8 137366.4 142579.1


734058.7 322420.6 700587.7 325781.6 735439.6 319059.7


312623.9 171766.8 171595.7 288789.3 144357.6 327899 335418.1 171937.9


754870.2 621491.3 330016.7 709002.4 577447.8 725645 665534.7


1451820 1556101


509820.5 370428.2 649212.8


1152378 1443522 901160.3


1019290 998371.2 921078.4 1089891 1154872 906851.6


NA


494000.1 770119.3 614029 488911.9 768336 574959.8 771902.7 653098.2


450388.3 547893.5 549299.2 460683.9 417917.6 440092.7 531261.1


2524222 1786462 2272152 2605193 1931038 2170314 2443251 2373991 1942532


NA


1790796 1254257 1912636 1163967 1668956 1344547


NA


227165.4 233739 220591.7


1095435 987150.7 1203718


NA


9520.051 8664.514 10375.59


3871961 3900192 3632812


2103172 2169227 2037118


NA


632877.6 631696.7 634058.5


53992.94 51223.23 56762.65


359467.4 421106.7 366590.8


NA


25491989 17217454 22216324 28767655


44332.2 33683.33 49671.97 33321.26 38992.42 34045.4


1063901 733434.9 858901.2 699326.4 760519.6 809479.4 993034 876954.3 716076.2 694311.4 867947.8 611482.2 963892.8 1211321 914139.9 826727.8 751011


19326.83 18612.89 20040.78


NA


NA


NA


NA


115210.8 106808.1 123613.5


NA


NA


2710186 3084166 3076121 1679936 2593608 3249195 3236399 1847149 1414388 2826765 3032679 2724959 1512722


NA


NA


NA


19320.53


NA


NA


NA


NA


NA


NA


NA


3485364 1246807


106738 97483.99 117892.1 102737.3 94237.37 106475.3 110738.7 100730.6 129308.8


NA


NA


853175.7 639919.9 896264.3 649627.2 810087.1 630212.6


809628.2 806086.6 813169.8


565168 486412.4 587224.8 468077.9 540219.8 504746.9


1422514 1416482 1428545


NA


147810.5


NA


NA


73051.63 116272.3 59476.59 68250.91 74310.27 90540.54 92959.56 71793 128021.3 78369.96 81650.4


549914.1 540759.7 559068.5


NA


74747.57 75276.75 74218.38


118747.5 107491.4 116442.6 118487.1 121052.4 96495.71


2087134


NA


300939.4 342493.1 259385.8


562153.8 581112.6 543194.9


NA


94834.1


747214.6 645949


482000.4 492054.6


20233.07 22618.55 15484.83


1134380 1134447


281097.3 230357.7 300121.2


NA


NA


66566.54


183112.2 176041.3 190183.2


NA


135415.2 262185.5 144445.9 250561.6 153755.7 202895.1 255048.4 155160.4 271595.4 166642.5 179128.2 153530.8 269322.7 229527.9 140868.9 226662.1


731629.3 782713.4 680545.2


1123257 1161808 1084706


563130.5


1016459 508043.7 745161.1 1038764 754413.3 994154 533498.9 562329 735908.9


NA


233982.5 240703.7 227261.3


86866.01 129453.8 85353.92 133354.7 88378.1 125552.9


NA


NA


1266078 1433938 1396066 1069331 1273624 1363946 1437573 1158661 1258532 1485615 1354558 980001.5 610814.3


36434.57 36491.05 36378.09


639487 609988.7 668985.3


89111.72 89364.38 85395.38 89388.52 92828.06 89340.24


131852.9 136732.6 126973.3


NA


NA


NA


169933.8 197764.3 176077.2 157264.4 179998.6 193456.6 193707.4 159869.1 202072 195030.7 190936.9


NA


NA


NA


90332.99 87138.51 93527.48


16754.12 16808.91 15519.98


NA


NA


34842.16


42105.11 41987.54 42222.68


151550.5 156224.2 146876.8


NA


1138382 1124208 926777.1 1152556


NA


NA


NA


87048.72 56363.65 78579.47 89083.92 47011.75 56747.83 94149.66 53687.37 85013.53 63009.28


NA


NA


NA


102528.7 104245.1 100812.4


NA


NA


NA


86400.85 93687.9 79113.8


NA


NA


293641.1 284072.1 303210


722206.1 1272311 1261471 779180.8 1283151


NA


449210.7 438744.1 433262.8 426982.5 465158.6 450505.8


1116100 911122.2 1019931 886588.6 1156765 935655.8


1584347 2609778 3133444 1509250 2497923 3087022 1659443 2721633 3179866


1203304 1195895 1181921 1176626 1204013 1209869


298827.8 285657.5 275572.3 284645.1 322083.3


299846.5 561805.5 572997.1 324838.6 475376


131074.3 116347.1 137685.3


NA


76020.21 66959.21 69459.08 69128.36 82581.34 64790.06 64364.26


NA


NA


55281.79 43410.95 40604.29 57632.76 41712.55 31152.29 52930.82 59152.12 45109.34 50056.29


57435.92 62476.24


NA


NA


37858.5 36225.68 36895.88 40608.55 38821.12 31842.8


NA


990892.1 1022728 1952179 1179609 909900 1073559 1069567 1933141 1129266 993677.3 975889.4 1971217 1229952 977588.5


NA


2885884


NA


NA


NA


210226.9 226212.7 193636.9 223425 226816.9 229000.3


575762.9 328957 539738.9 325977.9 611786.9 331936.1


88177.16 84542.32 91812


406345.5 190758.3 377034.4 435656.6 205954


NA


NA


NA


NA


NA


NA


NA


77290.43 79834.78 73569.78


32412.92 34317.93 26974.18


NA


NA


276082.6 294350.7 272142.6 296609.6 280022.7 292091.8


NA


103959.2 83908.35 124010.1


NA


NA


NA


NA


NA


NA


NA


NA


NA


NA


NA


41145.58 40309.24 41981.92


92262.38 112371.2 72153.56


116501.9 111058.3 121945.5


NA


104924.5


NA


NA


NA


568594.2 609270.2 527918.2


5993742 6441300 2848177 3567165 5881440 7129799 6675920 5988902 4967938 2826963 3487800 6208525


74017.18


NA


NA


NA


570398.6 706929.9 433867.3


NA


1469079 1249363 1748883 1202326 1225391 1385730 1237757 1764418 1215259 1552427 1260968 1733348 1420126 1235523


NA


33361.67


113521.8 109863.5 117180.1


77090.15 55719.76 98460.54


1155368 1222687 1088048


310811.7 309693.5 311929.9


NA


7121.004 7210.978 7031.029


199793.8 119607.4 250054.8 211430.8 232908.1 111812.2 188156.7 127402.7 227524.5


83925.52 118135.6 88438.42 86106.37 119932.4 88084.52 81744.67 116338.8 88792.32


46848.45 34839.42 54278.76 32764.42 47319.11 36914.43


152021.7 163086.5 140956.8


20594.34 26283.27


NA


82934.6 90827.56 75041.65


310698 349830.8 318625.4 379628.7 302770.6 320032.9


53633.97 52780.4 54487.54


NA


22982.36


NA


617029.6 670914.3 581356.4 687194.7 652702.9 654633.9


105731.2 141840.4 184835 111687.2 104779.3 156856.3 218595.4 110668.3 106683.1 126824.5 142852 112706.2


176531.2 110854.5 171581.7 75685.9 149482.5 172106.2 117018.3 88623.58 181697.3 132437.3 180956.2 159324.9 118433.5 166527.8


72915.93 44536.78 100339.3 78304.83 57788.76 104062.2 92362.99 88043.09 42990 70289.17


298212 308644.1 287779.9


225623.6 170451 213352.6 177134.8 237894.5 163767.2 120044.8


NA


1787201 2107808 2001578


2567793 2223249 2636592


798248.9


624255.6 556576.3 562934.9


NA


NA


122374.5 152585.5


60590.42 57635.65 63545.19


110763 145166.3 137641.4 98424.98 147573.8 109891.5 105611.7 144714 140693.1 97126.1 132063.7 111907.9 115914.3 145618.6 134589.7 163083.9 107875.1


458759.4 942566.3 635464.1 536408.9 895466.4 994556.2 691756.3 890576.4 579171.9


125865.2 118491.7 75718.92 121461.1 128558.6 75294.8 63692.31 130269.4 108424.8 76143.05


44051.1 45906.59


NA


NA


108716.8 120508.5


NA


NA


NA


NA


NA


NA


NA


247660.2 244357.5 250963


527510.8 804572.6 631755.7 799461.3 535648.2 814021.5 625676.2 773377.2 519373.5 795123.6 637835.3 825545.4


553612 1088137 586588.4 1024906 530391.9 530739.3 1151367


39473 44741.26 34204.74


NA


164094.4 144421 113475.1 157334.9 153714.3 170853.9 135127.8 146966.9


NA


NA


NA


NA


18996.19 21533.98 16458.41 10648.4


NA


14011.96 16016.26 12710.95 14739.21 15312.98 17293.32


NA


NA


NA


NA


114469.1


1340357 1003644 1363599 1003872 1317115 1003416


65700.12 82032.52


NA


NA


91301.42 110233.9 56189.52


NA


17731.53 16647.64 18815.43


NA


NA


NA


92698.91


NA


165521.6 159879.3 171164


103497.2 99637.51 107356.8


62987.29 65478.05 59267.23 65463.65 31900.46 65799.98 67998.05 62969.54 59463.32 28113.32 39272.82 60174.61 62958.06 59071.14 61750.93


329754 321374.9 309906.4


NA


NA


30712.27 29695.94 31728.6


46679.25 25454.68 54087.19 51335.54 44188.52 60301.81 54644.91 49169.99 26955.99 53529.47 49898.96


66158.37 66031.32 69988.17 66258.5 62328.57 65804.14


NA


56143.98 55939.38


30972.21 30543.41 30055.68 32641.55 31888.73 28445.28


NA


NA


NA


69017.95 38832 64460.64 39662.31 73575.26


394785.3 383110.6 406460.1


NA


NA


363303 345530.3 209629 381075.7


78068.37 77575.51 78561.22


NA


NA


NA


316163.2 184072.3 305770.2 324621.7 223601.7 134624.2


NA


NA


51908.88 54509.66 49308.11


NA


NA


NA


NA


NA


344850.4 330392.2 308604.5 373553.6 381096.4 339930.4


NA


29833.83 26276.64 33391.02


137062.8 108507.4 97284.81 95082.09 132053.5 104090 104525.6 133178 96478.67 142072.1 112924.8 90044 93685.5


469335.3 450473.4 465343.6 459469.8 473327 441477


128552.8 130917.9 126187.7


NA


NA


NA


NA


NA


NA


NA


31508.97 31836.6 31181.35


NA


327900.4 295722.8 310008.7


NA


NA


NA


NA


NA


NA


662051.5 647432.3 676670.8


113291.5 87627.71 100255.9 114854 89714.5 93157.96 111729.1 85540.92 107353.8


1128276 895318.3 662182 657976.1 1198415 856554.1 920779.1 613425.5 1058136 934082.5 762622.3 673896.1


NA


NA


NA


NA


420386.2 405406.8 281855 365770.2 300950.2 438505 413438.1 277693.1 372362.8 269729.7 402267.3 405834 286016.8 359177.6 332170.6


74494.72


NA


490078.2 483182.7 518985.5


NA


NA


NA


NA


1667392 1603888 1730896


866138.7 871890.7


NA


NA


276715.1 620314.8 303960.1 634502.5 266179.6 594347.9


16975.11 15782.37 18167.85


NA


NA


NA


19632.33 20900.55 19147.28


NA


810054.9 815062.2


1369621 1392594


NA


NA


NA


NA


NA


97091.07 111225.8


NA


56089.49 52321.58 55296.11 56172.57 56882.86 48470.58


NA


NA


NA


NA


NA


NA


NA


NA


60152.68 62586.73 57718.64


NA


169099.8 168571.6 169627.9


987756 1097996 930474.7 1132224 1045037 1083792


NA


313440.7 216576.9 271189 355692.4


21196.2


47729.85 47294.93 48164.78


NA


NA


NA


88029.47 96402.08 84730.63 96451.39 86915.49 79607.54 104208.9 82545.77


276105.7 534635.3 285282.7 472152.9 597117.6


61826.03 60685.52 65246.63


257002.4 192959 259530.4 210452.3 254474.4 175465.7


NA


NA


NA


NA


NA


NA


NA


NA


176798.1 182561.8 72186.17 168288


86408.91 86903.31 85914.52


122484 129177.8 112608.1


NA


NA


NA


201917.9 199189.7


NA


46368.88 28200.1 31989.36 24924.98 56770.84 31475.23


362922.3 611602.3 539893.1 431729.7 353396.1 598923.8 530209.5 446988 372448.5 624280.9 549576.6 416471.3


NA


90093.97 80409.74 82306.11 97881.83 82304.17


NA


168811.3 170566 81426.68 167056.6


NA


1838051


331936.4 204630.5 279468.6 174389.6 359167.6 234871.4


NA


96427.18 56530.21 93895.89 59920.71 98958.46 53139.71


NA


59742.88 63679.4 73259.96 67209.78 46225.81 33633


NA


NA


NA


1285565 1638849 2107645 1306547 1375615 1764056 1742841 1330741 1195516 1513642 2472449 1282354


NA


44666.24 46878.4


NA


NA


245809.9 240353.8 251265.9


343677.5


400469.8


NA


106863 99620.55 103423.9 104144.9 110302.2 95096.2


163519.7 211148.6 168322.3 186056.1 158717.1 213677.7


NA


45586.48 85573.28 82558.32 79457.48 43760.68 82523.52 66723.48 78089.35 47412.29 88623.04 98393.16 80825.61


263729.3 256036.5 271422.2


1641617 1612268 1037821 1670966


880613.4 944965.5 816261.4


694583.6 1064580 1127465 667624.6 1080404 1136557 721542.6 1048757 1118372


173219.6 281848.5 169616.6 270958.3 176822.7 273710.5


136324.6 183830.7 137158.5 132825.3 183874.7 137508.9 139823.9 183240.4 136808


122553.9 165235.2 250964.7 112432.4 134415.3 266274 132675.4 133549 233684.7 196055


29078.04 61365.85 58156.09 42747.53 69640


NA


369682.1 282351.5 386541.3 289515.1 352822.8 275188


107133.1 105742.8 108523.5


102039.7 83797.36 140391.2 102775 120637.9 101304.4 97564.02 160144.5


94975.25 75478.68 96689.75 70501.27 76439.17 93260.75


NA


NA


NA


NA


NA


316845.8


NA


249025.4 266531.9 367164.1 238259.4 380089.3 265358 259791.5 267705.7 353708.8


NA


NA


NA


NA


NA


NA


NA


NA


NA


NA


NA


NA


378130.9 295879 304748.8 419895 336366.8


NA


198724.7 186429.8


NA


34786.83


1735352 1649401 1146191 1397519 1698335 1704443 1145834 1590307 1772369 1594360 1146547 1204731


2324841 3467149 2325769 3590301 1890758 2323912 3343997


NA


NA


NA


68969.66 75577.34 62361.98


810535.5 816446.6 804624.3


205013.3 212703.8 223800.9 247475.2 148949.4 176177 207722.8 237669.9 236386.4 127440.4 236714 217684.9 209931.8 254033.5 170458.4


58461.7 56611.3 37693.78


NA


NA


236559 230776 242342


NA


NA


NA


NA


NA


90056.13 73841.72 106270.5


NA


NA


NA


4398905 3940562 4423066 3978309 4444269 3902815


35197.62 29260.42 38015.21 39241.96 38188.58 34330.1 41045.44 32206.66 36851.89 41700.31 37438.48


208719.1 202238.7 215199.5


NA


NA


NA


NA


488649


26557.94 26717.33 25479.02 27636.86 32541.28


27473.18 27152.99


NA


NA


NA


530451.5 559625.8 407409.8 501277.2


109435.4 86670.01 108792 81010.48 110078.9 92329.54


75586.86 52457.15 70598.39 52761.68 80575.32 52152.62


732764.2 714342.9 751185.5


362787.9 523934 866904.3 551391.4 885340.7 359388.5 496476.6 848468


NA


486635.4 388665.8 462884 409506.1 510386.8 367825.6


NA


NA


81055.41


NA


54608.07 103784.6 109663.4 50975.41 103577.4 117042.2 58240.72 103991.9 102284.6


241788.4 244825.1 205601.8 183661.9 235243.1 218161.7 234817.1 211578.4 145197.1 175678.3 248333.8 254833.2 199625.2 191645.5


NA


NA


NA


620993.4 806392.3 641337.5 714209.4 767705.8 621731.3 612175.7 742829.3 719054.3 796629.2 620255.5 702257.6 670499.2 709364.5 773941.3


NA


31076.81 26878.62 29999.67 25112.09 28645.15 36646.2


886359.4 1755368 1554006 748867.5 851988.8 1751782 1520072 836988.1 920730 1685484 1587940


NA


40350.69


45054.76 44804.61 45304.92


105789.8 108271.9 103307.7 69734.36


44972.63 36816.16 49282.65 39457.21 40662.61 34175.12


32715.62 33481.16 31950.09


NA


112395.8 110218 114573.7


670552.3 953762.4 1264127 943258.5 1340802 752977.2 964266.3 627738.5 1187451


136168.4 135939.5 136397.2


73524.78 74948.38 72101.17


228564.9 219900.4 227125.2


357821.3 173888.4 359680.8 355961.7


NA


61054.5 38789.96 63486.98 54476.69 69363.57 43744.55


94010.5 91222.28 94648.39


60435.45 86996.05 113654.7 97994.3 70084.7 52836.62 56705.95 90408.61 107583.2 119228.9 105473.3 68939.14 64164.94 83583.5 110884.2 98203.1 71230.25


245413.6 210025.5 295132.2 236815.4 220426.7 194234.3 254011.8 199624.4 375616.7


233314.8 219092.6 281039.2 244679.4 219588.4 250268.6 221950.2 218596.8 311809.9 219133


NA


456458 440464.8 472451.1


147396.8 263309.2 155524.4 248008.8 139269.1 278609.6


89453.23 82136.97 96769.49


207296.5 109110.1 210955 203638.1


65213.06 93736.31 116347.3 96795.18 120711.2 67411.16 90677.43 111983.4


NA


104484 119136.7 102005.3 115212.9 106962.8 123060.6


NA


NA


NA


193268.1 115741.5 149609.7 206249.5 127412.2 138816.4 180286.7 160403.1


383968.1 376674.8 421951.5 386785.7 385615.1 433497.3 381150.5 367734.5 424303.8


62748.8 94832 122204.1 60388.16 93179.78 115714.4 96484.22 112491.4


92499.66 115759.4 100895.5 107173.1 84103.83 124345.7


NA


378885.6 267277.8 370657.8 252353 336282.6 282202.5


422152.8 428163 416142.6


113632.6 189364.7 219691 107279.4 192055.7 217023.4 119985.8 106278.1 186673.7 213968


NA


NA


NA


157583 163759.4 151406.5


NA


NA


NA


NA


174422 187470.7 161373.4


NA


23025.44 14664.52 23047.46 23003.42 18337.4


110801.5 115462.4 106140.7


75347.53 77899.77 72795.28


833478.9 820699.8 846257.9


NA


28884.08


NA


592050.9 598345.8 585755.9


27282.78 23862.57


NA


43747.97 43517.53 43978.41


74156.67


NA


NA


NA


NA


NA


NA


352549.1 322208.2 371605


NA


38175.04 36791.53 28625.53 61928.14 39558.55


NA


564358.7 515179.1 613538.2


NA


NA


NA


678538.1 613599.4 491978.8 658696 589564.8 540001.6 388587.6 698380.2 637633.9 443956 303236.1


243714.2 327965.4 231384.7 309874.8 256043.7 346056


NA


313354 332723.6 293984.4


NA


87203.62 93843.79 79865.54


18901.56 20605.62


57374.2 63415.34 51333.05


267438.8 350768.7 268506.3 391441.1 266371.4 349611.7


NA


389205.5


226476.8 376376.6 318357.1 235503.3 396830.9 339538.3 217450.4 355922.3 297176


93045.94 96878.74


14679.67


114390.7 180692.3 142825.8 217282.5 114855.7 168919.9 162341.9 125301.8 218901.9 139686 163382.5 126915.1 199042.7 160349.8 215663 174457.3


182975.5 239018.7 126932.4


75901.56 86454.26 80499.3 71718.37 71303.82 101190.2


NA


NA


NA


NA


13706.3


NA


42443.21 43628.19 41258.23


NA


1121038 639655.3 617172.3 1176461


40265.64


34772.02 33670.45 38331.89


NA


NA


109994.3


414731.4 332941.6 541334 394401.6 356306.1 435061.1 309577.1 645146


NA


58410.01 111533.3 58711.43 109312.5 100817.7


NA


NA


683438.4 455818.1 678944.8 427507.6 687932 484128.5


578672.5 626449.1


149832.3 147203.6 152460.9


NA


11094065 9387223 15685280 11897606 15507579 10290523 10369096 16053275


130829.3 124475.8 137182.8


NA


142899.2 145662.7 142709.9 134283.5 95430.7 143088.5 157041.9


NA


NA


NA


13223.75 16045.61


237389.1 139753.3 199577.1 133050 275201.1 146456.5


NA


NA


206342.7 207849.5 204835.8


NA


233355.6 158111.9 257509.8


NA


153042.7 138936.4 207900.7 171847.9 150201.3 145725.7 196181.1 191205.3 144294.9 160359.7 143816.2 219620.2 152490.5 156107.7


23820.53 26343.78 21297.29


NA


NA


NA


21249.93 24179.59 23598.86 35034.24


296546.4 276110.2 316910.4


282526.8 276191.7


NA


209539.1


32284.62 22964.12 41605.12


NA


46309.55 39708.76 43268.13 38929.51 49350.98 40488


NA


NA


NA


NA


170003.6 170285.3 169722


NA


242563.1 232384 252742.2


104726.5 98425.37 104092.1 98558.17 110188.7 98292.57


NA


NA


NA


NA


NA


188743 177300.1 200185.9


4492172 8959552 8719265 9403393 5826601 4721602 8790773 8689498 9135896 6217859 4088431 4262743 9128331 8749032 9670889 7564770


NA


NA


146339.1 178318.1 145929.9 168588.8 146748.2 188047.4


NA


NA


NA


NA


54427.39


688610.4 622826.3 754394.6


61133.64 54582.66 44796.77 59749.85 77470.5 49415.47


NA


35132.54 35113.53 35151.56


NA


46112.57 43585.52 48639.62


NA


119221.6 123195.3 115247.8


NA


NA


NA


113456.5 118255.6 98839.58 114037.6 128073.4 122473.5


49547.44 45017.43 43665.32 38398.62 44587.33 46369.55


92433.27


25239.93 19861.22 30618.63


NA


63956.49 35292.45 32827.45 64071.63 36632.1 30795.15 63841.34 33952.8 34859.75


697511 708757 686264.9


68285.65 54238.69 68423.75 49278.95 68147.54 59198.42


NA


29586.44 18149.73 31655.39 27517.48


46821.82


NA


166506.1 268463.3 158959 177508.4 273306.5 157573 155503.7 263620.1 160345.1


2504494 2775543 2233445


4013266 4053384 3973148


NA


2918214 2941912 2894516


1312722 1317967 1082780 1307476 1743804


NA


NA


NA


NA


NA


NA


NA


NA


NA


NA


NA


NA


NA


NA


1898951 1774608 2023295


NA


NA


NA


NA


47229.97 110215 50060.12 103373.6 109809.6


NA


NA


NA


NA


NA


NA


NA


173148.5 164350.8 181946.3


NA


179138.9 199612.5 158665.4


NA


NA


NA


NA


43269.03 43009.23 43528.82


78678.93 81982.96 78031.07


418562.1 314270.6 417003.7 334848.4 369677.5 293692.8


359887.5


1656297 1566961 1745633


42053.76 41598.28 42509.23


2158668 1412546 2128575 1470326 1193342 2188761 1354766


NA


NA


241432.2 223366.4 259498


NA


NA


NA


1164952 1207676 1122228


NA


132816.2 136578.4 129053.9


NA


52013.38 68241.75 42760.45 76695.94 36332.04 61266.31 59787.56


NA


NA


NA


NA


NA


1012843 1064930


222843.9 227211 218476.7


257978 292862.3 276039.1 333545.8


NA


NA


37366.31 38991.63 35741


47102.17 42421 54249.32


NA


NA


NA


75868.48 38154.32 35326.48 72535.72 77055.63 40982.17


156557.1 158879.4 154234.8


112783 111856.5 113709.5


NA


85162.11 86714.17 81578.29


965179.9 1020671


NA


930580.4


65401.83 67303.22 63500.44


NA


NA


NA


1442059 1448945 1435173


NA


NA


488761.1 573254.1 374344.2 466917.2 462195.8 545100.6 376490 495908.7 515326.4 601407.6 372198.5 437925.7


NA


817037.7 803696.4 830379.1


52665.66 71584.67 127604.1 58137.34


NA


277606.5 276078.7 279134.3


NA


NA


94215.31 92781.69 88440.76 95648.92


NA


21060.26 42120.53


NA


2646911


2213677 2310983 2116371


1301098 1316961 1285235 1101887


310255.3 282399.7 338110.9


NA


703078.1 774125.2 665321.2 799351.1 740835 723502.2


NA


342975.7


14956.43 14506.86 13918.79 15118.87 15994.08 13894.85


NA


46433.72 45996.85 46870.59


NA


NA


NA


68781.19 69463.75


NA


NA


176289 152474.8 123171.4 185924.1 165905 121631.4 107508.4 166653.9 139044.7 124711.4


78667.26 79136.14 78198.39


NA


195736.3 155566.8 182592.5


32435.82 31752.64 33119


38097.45 41510.57 34684.32


NA


176024.5


NA


169193.3 144138.4 181926.5


34926.05 32628.54 26378.86 37223.56


NA


342412.2 322265.3 362559


NA


NA


109432.5 111838.8 107026.3


128553.5 201842.6 130099.4 202532.2 127007.6 201152.9


324767.9 239631.5 264358.3 197454.8 325461.3 226135.1 294813.6 324074.5 253127.9 233903.1 216313.6


1113741 1703381 1847517 2047179 1344795 983938.6 1800455 1692942 1735228 1977786 1347220 1243544 1606307 2002092 2116571 1342370


1237531 1336190


527243 374717.9 553989.2 430780.2 320271 500496.9 355903


NA


93609.61 96853.83 93761.58 71239.8 101446.6 93457.65 87035.38


NA


NA


NA


NA


NA


626573.5 660101.2 593045.8


476555.9 536139.1 749146.3 561924.1 455482.3 531202.8 704320.5 543512.3 497629.5 541075.4 778199.6 580336


NA


NA


1028638 937051.6 1287131 1036385 946981.2 1372082 1020892 1171583


1149330 1204638 1094022


NA


190947 190153.5 191740.6


65248.19 81690.92 65758.01 99359.84 64738.38 61024.58


NA


NA


33835.88 34106.39


NA


498417.8 321252.7 527360.9 469474.6


14529.01 15061.02 13997


NA


NA


298848.2 363335.1 234361.4


24051.86 31290.67 26434.57 32029.97 21669.14 30480.49


38463.55 79480.43 39488.84 79911.78 79049.08


151034.1 158634.3 95815.84 149428.3 165454.2 107331.6 152640 151814.4 84300.06


110562.3 111354.2 109770.5


60869 109589.3 61012.2 112093.6 60725.79


91169.14 63687.47 83062.37 51667.85 99275.9 75707.08


NA


NA


NA


141794 130646.2 137388


NA


NA


NA


384797.2


NA


NA


NA


10627.45 10350.58


27882.77


NA


331895.9 318209.7 464789.9 320576.7 313135.8 406372.8 493584.4 343215 323283.6


201303.7 207943.3 194664.1


58782.15 55760.66 61803.65


61444.45 83415.16 48394.34 58620.21 83305.48 54534.48 64268.69 83524.84 42254.19


45282.05 42018.16 48545.94


NA


NA


NA


NA


225603.4 469572.8 303350.9 276957.4 438184.8 311305.1 276828.4 352537.3 261040.4 295396.8 277086.5


261459.5 304940.6 215327.3 343841.1 307591.7 285496.8


NA


NA


114594.8 113390.6 68680.59 115799


350610.5 351466.8 349754.2


80645.75 80161.25 53496.4 81130.24 52948.13


17104.03 16043.37 18164.68


246424 215415.3 144864.9 271996.3 187364.7 151672.1 235170.4 243465.8 138057.7


129715.7 122766.5 128203.5 131227.9 153304


NA


NA


152783.4 157412.1 148154.7


NA


NA


NA


13323.56 11365.83 15281.29


NA


NA


493484.9 490877.4 496092.4


270679.9 279510.5


NA


387079.1 415252.6 358905.6


53102.5 63986.86 49319.33 68964.73 56885.66


20610.69 19583.16 28260.07 21638.22


92083.16 93930.87 90235.45


449386.8 762607.7 743141.8 759602.8 736383.2 465889.1 475293.3 765612.6 749900.3 486520.6


211063.2 204064.1 209600 212526.4


122740.4 109863 107928.1 111938 108879.3 145202.7 108947.6 106977


NA


NA


95549.63 96426.57


25446.83 23897.43 26996.22


NA


NA


NA


91034.03 48804.81 87854.68 51075.93 94213.39 46533.68


NA


NA


396951.2 449292.1 381397.3 451890.1 412505 442728.1


1086234 470383.4


103703.7 95986.63 111420.8


NA


NA


NA


255208.1 225430.4 270562.9 251403.9 239853.4 199456.8


NA


NA


NA


241143 260946.1 221340


NA


NA


42051.61 28348.26 38702.61


NA


NA


NA


NA


24324.14 23262.96 25385.32


NA


NA


161981.3 155576.5 165473.9


NA


100159.1 111349.6


37440.41 39264.03


98822.29 114961.5


NA


NA


161574.2 241639.2 232715.9 171828 160435.5 329584.2 234400.8 165532.2 231031.1


237720 293252.4 225855.1 193555.7 232425.4 151303.8 257304.4 217799.4 193203.1 243014.5 329200.5 233910.8 193908.2


339568 293622 320983.8 526270.7 517122 343709.5 385858.2 338796.6 532367.7 537286.2 335426.4 303171.1 520173.7 496957.8


NA


225512 230836.2 220187.7


NA


NA


819341 963712.1 1022752 921756.8


NA


NA


1113355


211275 212827.7 213218.2 189452.1 209331.9 236203.3


NA


NA


NA


11898914 11487261 12058595 12310567


86499.54 45439.11 55895.83 43536.81 82317.22 80692.2 56822.33 68254.84


NA


343127.9


NA


696876.1 529968.2 491076.2 674585.4 614280.5 494968.7 569241 719166.7 450304 487183.7


NA


NA


71876.53 110105 70101.88 107359.5 73651.18 112850.6


251279.4 237789 264769.8


745039.3 751155.6 738922.9


1685209 1571408 1630054 1603494 1740363 1539322


88016.4 88758.94 89952.09 85137.43 86080.71 95124.64


80686.09 68451.08 92921.09


308039.1 340062.6


NA


190996.2 191912.9 190079.6


NA


1043336


2045135 2013210 2077059


NA


1505863 1531615 1480110


NA


NA


1615205 801633.9 1627548 799604.3 1602863 803663.5


NA


1569362 1654588 1484135


652881.9 704921.3 600842.5


832164.5


1468463 1432525 1504400


999886.8 987520.7 984076.7


NA


NA


577640.9 587026.1 568255.7


53707.63 83879.49 54879.2 84508.82 52536.06 83250.16


1430640 1339742 1521539


628109.8 600582.8 647128.3


701874.6 463859.4 428015.8 732117.8 499703.1


740973.4 384565.7 737156.2 347249.6 744790.7 463354.8


NA


NA


773092.7 772953.3 744790.8 801394.6


541143.7 525552.9 556734.4


429474.6 521900.5 463271.2 511267.2 431685.1 532533.7


823725.2 824324.4 823126.1


NA


2250831 2190078 2272526


1251487 1246509 1256465


851008.4 830607.6 871409.3


NA


279968.3 268621.9 291314.6


336302.3 357790.3 531208.9 311549.1 377291.4 361055.5 338289.1 548169


386401.2 575671.4 419273.6 647047.4 445034.4 448278.7 504295.4 448354


60491.95 78002.5 53297.09 77377.32 45795.36 67686.82 78627.67


NA


NA


163269 154953.8 171584.3


87385.51 83691.98 89638.42 83436.79 85132.6 83947.18


NA


32889.82 32904.65


NA


16380.68 11506.94 15692.77 12935.06 17068.59 10078.82


NA


944373 1086179 802567.4


NA


384504 300856 392847.9 361563.8 376160


NA


840285.4 865932.1 814638.6


NA


NA


100402.1 107624.8 71887.12 78223.74 101993 114814.5 83821.77 71151.92 98811.15 100234.7 59952.46 91790.37


106060.2 107986.2 164407 91165.7 99966.74 107898.7 146013.3 84139.36 112153.7 108073.7 151955.5 98192.05


NA


NA


NA


NA


NA


125644.8 120408.9 130880.8 118505.3


50794.28


106084.8


NA


818664.7 822800 814529.4


173912.1 226818


NA


NA


NA


NA


NA


1115869


NA


21337.29 17736.9 20133.03


340516.4 329426.5 351606.3


116351 93139.31 139562.6


39204.39 39534.36 38874.42


75294.34 80861.46 77984.1 60580.34 85427.21 81730.15 96520.15 76295.71 74238.05


92601.32 109872.3 75330.36


142444.2 242973.1


42520.96


NA


NA


NA


NA


NA


NA


NA


877268.3 498621.6 899061.2 469141.4 864738.1 528101.7


941115.5 1199524 1728542 1012905 1237531 1795422 869325.8 1161518 1661663


697567.2 724273.7 670860.8


405147.9 485811.6 324484.2


40349.92 41045.73 39654.11


NA


496000.1


NA


NA


80367.91 49472.95 79775.1 52815.39 79686.67 46130.5


NA


NA


1025106 808572.3 1060327 1271250 1563767 1198827 1183186 1295427 1091871 1193065 1568078 1250887 1040684 754785.1 908918.2 1071637 1349436 1146766 1378694 1539913


196304.4 191945.6 214381.5 197704 201526.3 214353.9 180578.8 194904.7 214409


241062.1 355354.8 251283.6 344988.6 230840.5 365721.1 204215.5


311939.7 416440.9 239163 394737.9 194273.5 384716.4 438143.9


2985289 1509927 2086858 3064547 2235639 1740042 1941128 3389683 3232963 1585330 2291159 2393786 2232588 2896131 2185943 2180119


120603.2 77162.65 125648.4 76373.09 115558.1 77952.21 76217.18


143215.1 116023.1 188501 138444.2 116039.4 195669.2 147985.9 116006.7 181332.7


41454.13 69806.73 44939.27 70912.7 41988.73 37968.99 64613.9


NA


22120.15 25027.3 22537.39 20424.25


15008.27


216103.8 175553.7 223220.4 159557.7 208987.2 191549.8


NA


486480.2 504451.7 299244.5 468508.6


56485.24 63591.49 58338.68 73373.86 54631.79 53809.12


679455.1 673069 1038147 677269.6 707255.8 667547.3 1087382 657028.5 651654.5 678590.6 988911.5 697510.7


155992.8 236426.8 161751.9 163939.2 228448.1 165431.9 148046.3 244405.5 158071.8


NA


NA


NA


54271.31 52810.62 55732


273022 222480.3 306694.3 223822.7 239349.6 221137.9


NA


NA


NA


NA


NA


NA


228501.3 229285.5 227717.2


65606.24 67191.09 64021.38


NA


257703.8 324421.2 254195.4 315874.1 261212.2 297756.3


NA


NA


NA


NA


NA


NA


702034.6 667885.5 541279.8 719855.6 663837.8 528619.3 684213.6 671933.2 553940.3


NA


NA


NA


166297.5 163850.7 168744.4


902368.9 902666.3 961087.5 776533.9 1016872 887179.9 988525.4 754760.7 787866.1 918152.8 933649.5 798307.1


NA


130574.7 139699.4 147470.1 135635.7 118222.5 113679.4 143763.1


160712.8 180766.7 126904.2 140658.9


NA


NA


NA


NA


NA


NA


NA


NA


96465.65


376658.2 392940 360376.3


192329 230434.3 195528.8 220149.7 189129.3 240719


NA


44786.7 54682.62 63400.72 51632.59 45964.51


NA


67769.31 42155.22 72107.09 63431.52 41777.31 44828.24


NA


NA


221752.3 216135.7 227368.8


111768.6 126440.3 84474.62


485203.9 479027.4 491380.3


81567.38 50937.04 75047.42 56075.36 88087.33 45798.72


NA


50850.87 68262.24


37157.66 22768.73 35440.2 25174.37 35326.08 15827.32 20672.07


104154.3 112544.8 95763.72


NA


853519.2 930160.8 935559.4 825815.2 771479 1034506


NA


NA


409045 246406.9 281895.1 414222.2 256824.9 271302.7 403867.8 235988.9 292487.5


NA


32639.88 30893.16 34386.6


156882 157132.6 156631.5


NA


323929 288960 347464.8


NA


NA


87163.93 97610.53 104186.7 80702.04 94584.73 90679.61 93625.83 100636.3 107244


25223.41 27805.05


NA


NA


195015.4 360846.4 195890.7 366852.6 348196.7 183196.8 210543.5 211538.2


91792.15 42787.85 82343.72 100121.7 75193.45 88552.21 84512.28 100216.7 66984.79 82776.89 95032.09 44246.42 80175.16 83402.1


NA


565375.4 316353.3 573052.7 303862.6 557698.1 328844.1


NA


123349.7 111070.1 158150.4 109726.8 88549.02 112413.3


180608.5 232482.7 185962.9 190955.6 175254.1 274009.8


28866.85 30273.27


22916.46 20826.13 25006.79


158098 127882.2 148535.6 136845.4 167660.3


13644.98


194862.3 309827.3 376262.1 317763.1 193110.5 319829.7 355662.3 399530.1 183813.5 196614 299824.8 396861.9 235996.1


2948.345 5896.691


168752.8 173738.7


77774.72 79035.5 76513.93


142993


59567.38 58887.22 60247.53 31546.38


129115.1 83581.98 121391.6 94352.81 136838.5


114716.9 101002.7 128431.1


NA


NA


NA


165481.6 158132.7 172830.5


292143.1 394614.1 143649 300095.8 338304 284190.3 450084.8


NA


NA


NA


NA


NA


NA


NA


NA


80794.96 97167.5 70088.25 78201.4 82450.01 61161.76 83388.53 111885 65509.39 79014.74


NA


NA


NA


NA


NA


NA


20414.42 17053.46 21910.48


NA


NA


NA


1096248 990236.7 1202259


868043.7


285753.5 370185.2 288672.4 228730.6 331935.3 311826.8 363026.7 300354.2 236587.7 317756.9 377343.7 208571.1 276990.7 220873.5 346113.8


NA


1333529 1411633 1184508 1160226 1482549 1663040


1719265 1971802


634206 574014.3 694397.8


1811358 978226.7 1706092 1834413


466531.7 560885.5 492489.6 456301 510959.5 444432.6 476762.4 610811.5 573124.5


1039828 1041128 1038527


1367673


489142.9


320889.2 619275.6 608702 589696.9 590060.5 345789.8 648854.2 627343.4


2331414 1959919 2457323 2205504 1941401


1142649 658737.7 746415.1 859776.7 1070024 1119093 729975.1 765366.8 787280.5 1106858 488033.5 727463.3 932272.9 1151268 1033190


138294.8 159075.2 117514.4


535920.8 774938.7 1167024 1073541 496227.2 774107.9 759555.3 1129895 1181763 575614.3 820952.8 1204152 940237.5


865527.3 638048.3 764040.5 1115961 999912.3 598759.2 918429.1 1268448 731142.3 677337.3 609651.9 963475.3


1700143 1548340 1834065 1745291


NA


372763.7 394407.2 352741.6


1876428 1708295 1829158 1466699 1943159 1949891


877025.2 1135343 881070.9 1256731 872979.5 1091789


4079122


NA


2036330 3023115 2321017 3843527 1477379 1751642 2202703


301508.2 476814.2 502123.5 472079.9 629383.8 300534 481548.5 374863.3


1392531 1477506 1403929 1129748 1381133 1558177


700106.9 382417.1 498361.8 610042.5 631748.3 687319.5 466160.3 537763.1 578757.4 657283.6 712894.2 458960.6 641327.7 649871


2268517 2139980 2397054


761969.7 994466.9


675323.8 608222 885329.8


406450.9 456753.8 356148.1


527345.7 1092953 962784.3 501135.7 964125.2 1058781 553555.7 1221781 866787.2


171982.5


143386.7 140883.3 249020.2 154412.1 254744.5 132361.3 168440.3 243296


3188462 3132601 3244323


2406661 2078058 2735264


1304419 1373333 1620519 1869385 1182425 1403906 1777005 1914255 1426413 1342760 1464033 1824516


2352004 2443733 2260276


1873223 1912729 1833717


1550258 1570196 1530319


NA


390963.5


1389351 1252603


NA


NA


NA


654301.8


371327.7 359776.9 366728.5


490270.2


100140.6 220678.8 204579.4 111241.2 104642.5 207211.6 211464.5 152851.7 101593 234146 197694.4


NA


715716.8 649377.7 730080.5


1140002 1097142 1156065


NA


820760 905682.7


542737.9 476094.7 609381.1


540854.5 529490.9


NA


293648.9 255158.2 332139.7


1321047 1162242 1245054


NA


NA


NA


NA


NA


1310076


197625.5 225380.7 131969.6 184037


1176028


375282.6 346973.3 403592


NA


842557.7 912849.1 891531.1


1410941 1587263


197810.8 244077.3


966504.1 852098.6 1080910


126475.5 131115.9


NA


NA


89167.91 86263.81 92072


87416.25 83328.8 52325.76 109299.1 84649.49 65533.36 82008.12 61244.03


58628.04 61745.01


NA


NA


NA


298902.8 296080.5 301725.2


NA


2525401 2672476 2378326


38860.9 35418.34 37989.02


NA


NA


292548.5 296730.3 288366.7


NA


14837.48 14130.56 15544.39


NA


NA


30540.66 55445.68 31796.44 52713.26 29284.89 57850.13


NA


NA


436985.8 446340.9 427630.7


NA


NA


NA


40556.27 59836.66 35365.12 41346.89 53132.41 38774.71 39765.66 66540.91


226113.8 256668.9 263366.6 228571.8 223655.8 225633.7


NA


106397.8 77995.45 70558.33 101090 71384.17 108177 100768.9 100246.1 66136.68


251679.5 284408 235303.6 246038.5 298483.5 216678 257320.5 270332.5 253929.2


72843.32 71900.51 73786.14


107524.5 116692 98357.08


158503.3 71064.98 151130 72553.69 165876.5 69576.27


492504.3 277061.3 499396 251189 485612.5 302933.7


NA


253962.1 169009.2 164611.2 249432.2 257701.8 173407.2


NA


32755.09 35440.65 30069.54


NA


NA


NA


18520.67 17992.43 19048.92


NA


128087.4 131765.8 102669.3


NA


3482729 2616798 3398850 2643381 3528555 2590216


1145909 763025.2 1163687 773832.6 796523.9 1128130 752217.8


98316.11


NA


59372.51 58614.5 60130.53


NA


NA


NA


54549.78 90050.07 91280.1 79928.24 46729 90317.98 62370.56 88248.44 92242.21


3372055 1474697 1803471 2499903 3506238 1561861 2062095 2363341 1387532 1544846 2636464 1642664 3198465


NA


327267.7 404560.6 425094.2 281308.2 407818.5 455104.3 373227.3 401302.6 395084.1


NA


78952.68 74365.24 75225.3


NA


NA


NA


NA


NA


1940857 1160375 1355797 1890402 1991313 1089504 1351074 948760.4 1364373


NA


1010821 1712573 1022456 1782265 999186.9 1642881


404467.2 505922.2 404672.4 518084.3 404262 497813.4


221506.5 242199.9 473887.2 456262.9 329490.7 245552.3 355744.8 232656.3 234920.7 511422.3 507939.7 294984.4 290621.3 456344 210356.6 249479.1 436352 404586 363996.9 200483.2 362516


NA


1845864 1689502 2556966 1738183 1655926 2739288 1953544 1723077 2280049


1776308 1866297 986574.3 1218400 964568.1 1762958 1037879 1320156 2060223 1789659 1541749 935269.2 1116644 1118857


1398916 1819044 1456389 1402930 1714538 1509600 1394901 1923550 1403178


571669.5


1488284 2152481 1651179 2343144 1540243 2617746 2210482 1713345 2094480 1783429


NA


267867.4 276493.6 259241.1


1272853 1324117 1306877 1055736 1243548 1404825


855604.6 738677.9 886353.4 779730.9 824855.9


290177.5 530695 354265 573488.8 348697.5 337963 487901.2 359832.6


NA


1457345 1474053 2286863 2236644 1431832 1466987 2509539 2342513 1482858 1481119 2064187 1222044 1234299 2130775


878607.7 1316990 1671121 1772999 1745997 789381.4 1434722 1868712 1737903 1836910 967833.9 1300015 1324270 1787776 1655083


2247827 2327500 2451558 2296801 2328047 2660716 2198852 2393894 2247423


NA


499069.3 697093.2 841151.9 777707.1 680550.7 512041 643657.2 815441.6 767718.3 709601.3 486097.6 750529.1 866862.1 787696 651500.1


783811.3 987520.4 1054567 761965.4 1009568 1110515 805657.3 965473.1 998619


1509235 920682.4 1655684 1012704 1362786


1789932 1801926 1777938


2144960 2112741 2177533 2325258


NA


NA


1368423


NA


321392.8 307709.7 335075.8


663580 634108.9 735597.5 657724.1 761534.5 716293.2 699594.3 709660.6


50919.77 43941.63 48110.98 57045.52 43290.64 57577.75 41912.23 40260.99 54309.74 73830.05


973319.2 626563 887516.9 625253.8 627872.1 1126949


308480.5 350659.7 266301.3


87499.69 87721.8 87277.57


161109.9 141833.1 178191.8 144750.4 144028 148149


64331.23 64073.74 37889.84 62503.88 60194.11 66158.58 78227.12


358432.1 348190 315005.9 348550.7 401858.3 347829.2


189105.9 272154.8 305725.7 308471.3 171642.7 282349.2 272622.2 287015.2 206569.1 338829.2 329927.3


NA


268694.6 285789.8 289595.6 247793.6 351717.8


79983.73 71426.32 73691.32 82690.09 86276.14 60162.55


138204.9 86706.84 140013.2 141219.2 148814.9 135190.6 100356 131211.6


361855.1 594697.8 390149.5 557079 333560.6 624159.3


154385.1 149954.1 76204.3 139352.4 145374.3 101459.5 149306.1 160555.7


276888.8 222634 267586.9 227622.5 286190.8 217645.6


224840.2 256135.4 193545


299405.1 286893.9 298266.4 363839.1 300543.8 208765.5


928746.9 953787.7 702131.4


363859 410756.5 347969.1 447839.1 379749 373674


108494.5 189026.9 126685.1 118224.2 101232.8 189896.4 112567.2 234834 156597.5 123881.2


507671.9 402270.6 310831.8 503929.8 404489.1 511414.1 400052 313033.7


391415 401573.6 381256.4


30909.39 30579.26


54117.12 64459.61 43774.64


NA


1324535 1307414 1341655


176471.8 186242 161840 133986.2 143387.1 181862.6 224830.2 169917.5 171081 147653.9 153762.5 174545.3


250246.3 411426.8 245374.1 217739.6 441392.9 221303.6 229491.4 282753.1 381460.7 269444.7


170415.1 298732.9 195587.6 166986.9 302737.1 214213.8 173843.2 294728.7 204886.3


124610.4 123069.4 128253.2


304119.8 287412.4 296224.2 291168.8 302309.4 269173.2 297539.3 297430.5 184282.8 305930.3 305651.6 294909.1 284907.1


40830.34


95137.32 95335.16 91069.15 97389.86 68772.65 121030.7 74738.44 84181.84 92778.53 87286.48 90190.36 129516.8 70764.68 106092.8 97891.79 94851.81 104589.4 66780.63 83574.07 86522.82


138057.8 147935.3 138997.9


NA


NA


NA


80086.36 90936.55 71692.77 81329.43 89914.64 77083.41 78843.3 91958.45 66302.13


1590569 809844.4 749784.2 1475160 807567.4 818769.8 1770048 812121.5


1516432 1065465 1485415 1056110 1547448 1074820


157752.4 252876.1 171594.2 144222.7 246761.8 177960.6 177688.2 258990.5 129679.6 165227.7


283628.2


561605 544749.4 578460.7


454155.8


396142.8 673350 672290.4 384616.5


148027.1


NA


NA


1201254 1158730 1365105 1187120 1199122 1391474 834182.9 1215389 1118338 1338735


NA


NA


21306.95 22407.63


75081.83 72076.52 78087.13


110242.6 101095.3 97384.18 119390


38389.21 40149.1 36629.31


NA


11399.07 11850.76 11481.62


1253615 591851.8 1073096 1305464 1201766 596160.2


94787.28 41743.51 91170.26 43824.25 98404.29


30014.61 29840.84 30188.38


NA


NA


NA


125236.5 151808.4 148882.1 94433.19 132833 146609.5 154584.9 117640 157007.4 143179.3 111859.7


103487.3 108240.4 96354.59 102707 110619.9 113773.8


96043.55 101851.7 90235.45


NA


NA


435779.3 659311.1 435268.9 660109.5 451198.9 658512.8


251302.4 233618.7 252883.6 224530.7 250310.1 242706.8


876727.9 970936.3 856306.6


NA


83266.56 94628.63 83176.72 89475.82 83356.4 99781.44


NA


NA


NA


336797.5 307985.5 328839.1


NA


358582.6 385572.1 331593.1


NA


NA


756821.5 741503.9 772139.1


179046.3 209564 148528.6


95411.27 103336.7 87485.81


450403 515977.5


110692.2 128037.1 62226.92 135106.3


NA


172307.2 268501 265522.9 162966.4 255174.4 202344.9 181648 281827.5 328700.8


274307.6 313888 260118.9 304479.8 292964.6 323296.2 241396


678087.5 360096.1 573892.2 368495.2 723904.9 377549.8 583517.4 632270.1 342642.4 564267 377708.8


NA


NA


NA


NA


NA


NA


NA


235705.3 173916.5 246009.2 197449.4 225401.5


NA


NA


NA


NA


130948 161137.9 229417.5 141277.4 146448.7 235338.2 120618.7 175827 223496.9


172588.7 130784.9 169930.1 177346.1


292772.8 314337.7 316685.1 298020.3 301339.7 263545.6 287525.3 337619.4 369824.6


237740.4 108896 263167.7 248527.9 261489.1 270121.6 252984.9 213991.7 118806 256213.8 244071


16448.82 14829.66 18067.97


181990.6 193074.2 101605.4 180797 190583.4 84326.2 183184.2 195564.9 118884.7


71438.32 70191.61


95993.24


228292 220174.3 224007.9 227389.3 167469.4


313529.1 298984.4 306630.9 280824.6 320427.3 317144.2


232632.9 138045.7 234572.9 134033.2 230692.9 142058.2


69483.89 72642.42 66325.36


NA


NA


NA


NA


146586.5 128803.8 144418.9


21797.05 19098.82


NA


274881 269990.1 279772


90164.23 123865.1 119650.4 142506.7 76968.35 88092.75 113401.5 120622.4 139738.4 92235.71 134328.7 118678.5 145275.1


NA


47410.23 41337.02 53483.45


1293497 1326296 1260698


339364 342281.7 336446.2 194822.4


NA


NA


145693.5 116931 147329.1 114843.2 144058 119018.8


NA


23674.68 23771.32 23578.03


154559.4 201143.3 227621.8 254697.7 144012.8 207265.7 243766.3 206240.1 165105.9 195021 211477.3 303155.3


NA


98036.49 121049.9 80449.01 121188.3 71665.65 105265.5 120911.4 89232.38


NA


NA


NA


151735.9 147570.4 155901.4


474278.2 502717.8 526455.7 477562.8 508466 501756 470993.6 496969.6 551155.4


NA


724120.8 696534.3 751707.2


NA


59352.62 60557.58 58147.66


8937.215 9981.579


NA


343070.4 173665.5 346229 165778.5 339911.9 181552.6


257253.9 195327.3 265436.2 185718 249071.7 204936.6


1478476 1266503 1486138 1290426 1470814 1242579


780076.4 778955.4 781197.4


1928710 1314401 1201308 2092733 1447914 1074659


194033.6 188390.1 199677


103737 133572 106059.3 128270.5 101414.7 138873.5


497443.5 504218.9 492088.7 523322


13359.92 13110.17 14649.8


236285 398455.4 457867.5 234966.7 391312.6 453643.9 237603.3 405598.2 462091.1


183972.4 185570.5 182374.4


77273.2 82164.96 82357.79 81112.31 72188.61 83217.61


196155.9 209178.6 83469.97 183133.1 84942.68


378684.5 460250.1 403436.9 395745 216439.6 353932.2 514839.7


NA


NA


NA


NA


NA


NA


NA


425975.1 458286.4 393663.8


NA


NA


NA


NA


NA


32533.45 34783.42 30283.48


91508.18 80279.36 102737


NA


NA


NA


NA


67826.06 111777.6


NA


NA


NA


NA


428635.2 389565.9 440786.3


241780.4 275001.5 228621.9 268627.1 254938.8 281375.9


NA


163127.6 158592.9 165778.5 159839.5 160476.6 157346.3


NA


21894.41 22939.53 20849.28


NA


NA


NA


NA


NA


NA


NA


97668.32 42780.24 87925.82 107410.8


126507.3 185075.9 133218.1 225242.4 119796.6 144909.4


182831.7 194231.1 135194.5 199313.8 215384.5 169306.9 166349.6 173077.8 101082.1


91875.31 100415.4 218692.1 96337.71 97278.83 209286.7 216016.4


221491.2 283124 351413.1 248284.2 229134.9 336163.2 194698.2 337113.1 366662.9


NA


NA


NA


NA


91475.34 81209.6 87591.42


57450.44 48934.42 60427.09


NA


1973578 1567744 1479265 1945072 1656223


NA


318575.5 272276.3 388597 258635.9 356447.2 308977.3 419334.6 314439.4 280703.8 357859.5


78568.91 161998.1 83549.03 172858.4 144803.5


84412.04 68277.14 74300.38 73044.19 94523.71 63510.1


57152.13 55470.32 58833.93


NA


NA


NA


1080489 1133803 1027174


28201.31 27404.67 28997.94


124787 120252.7 154286.4


114523.7 198367.3 243666.2 107628.2 161680.7 252449.9 121419.3 244331.3 237804.2


NA


299960.2 334529.2 265391.2


NA


NA


6450.267


NA


NA


NA


55265.87 52609.4 57922.34


NA


NA


457795.1 474058.4 441531.7


NA


NA


46912 41581.45 44147.08 41590.18 49676.92 41572.73


NA


500048.7 499182.5 530471.1 449530.5 469626.2 548834.5


NA


NA


NA


257359.7 329286.5 261199.5 257675.2 253519.9 400897.7


NA


264554.4 269938.5 259170.3


460195.6 471173.2


163737.8 90373.84 78939.32 164611.7 89388.77 81831.61 162864 91358.91 76047.03


NA


NA


NA


15829.04 13307 17340.12 12284.57 14317.96 14329.42


NA


83052.27 61295.61 100232.7 65871.86


6448.939 12630.7 6816.778


210046 168301.6 237725.8 159699.8 114215.3 182366.2 176903.4


NA


173955.5 154050.4 164877.1 168998.1 148817.7 168038.3 178912.8 159283.1 166680.3


NA


31893.54 28104.57 32657.31 30347.18 31129.76 25861.96


NA


NA


140111.3 144090.7 136132


68333.84 73046.12


70894.34 124478.4 124137 71421.23 112492.7


225548.8


NA


216494 215180.3 217807.6


23230.83 23688.25 22773.41


NA


230991.4 240215.7 221767


30253.73 32674.35 27833.1


NA


536889.4 1106794 1143235 556751 1116340 1085693 648120.5 556700.2 1097248 1200778 585181.5


216946.8 207141.6 220353.3 140052.6 215158.4 95227.92 213540.2 199124.8


224787.7 102369.1 225250.1 115978.4 224325.4


NA


NA


327978 282178.3 327981.8 273213.4 327974.2 291143.2


NA


103894.1 71593.13 86830.54 83481.69 92773.83 120957.6


NA


107878.8 114119.6 135352.5 114222.1 119293.6 122830.6 115217.6 147874.4


225555.2 216893.4 234217


NA


693699.4 738992.3 648406.4


252048.2 309974.9 188183.5


303377.2 332642.2 350286.5 300566.6 291741.1 342722.6 306187.8 373543.2 357850.4


18559.81 13948.73 23170.89


42141.82 43366.68


74261.93 77229.09 71294.78


141823.3 110256.3 93634.08 148474.8 112003.8 92488.68 135981.1 108508.8 94779.48


142523.1 151630.3 103041 215814.8 198516.2 169637.7 251843.1 123382.7 170010


504224 570748.5 959910.6 495337.2 562289.4 1090917 513110.8 579207.7 818061.8


339912.6 337781.9 342043.2 162947.1


1199916 1143370 1245932


73709.05 67776.87 66120.82 69921.44 81297.28 65632.29 48884.44 40751.22


1464791 1383109 1487740 686352.7 1476672 1556303


970197.9 1271524 1016034 1243258 807186.5 924362.1 1299789


409972.6 413702.2 209043.8 406243 339025.4


240465 223801.4 257128.6


1122697 1667299 1325406 923548.5 979987.8


1499521 1737994 1212171 1474976 1789355 1388071 1524066 1686634 1036271


204291.3 201471.4 171261.6 208510.9 201744.1 171514.7 216346.1 201198.7 171008.5


NA


787614.2 826567.8 748660.5


NA


NA


NA


288818.6 564724.3 533474.3 288518.7 410886.3 615129.3 595584.6 289118.4 533864 436698


602447.7 568628.7 576004.9 482230.9 597899 581948.3 602241.2 486221.7 606996.4 555309.1 549768.5 478240.2


355680 337399.5 308915.5 361460.8 365977.3 304214.7 349899.2 308821.7 313616.3


NA


NA


NA


NA


NA


33640.01 33485.4 33794.62


NA


NA


NA


NA


151206.8 151517.5 151987.4 251621.3 174913 79038.88 128251.3


NA


31675.69 32641.02 30710.36


384340.8 383624.5 385057


176416.5 160777.2 187450.8 167363.8 165382.2 154190.5


NA


149700.9 127547.8 127675.8 156408.4


NA


NA


1467428 1436513 783755.3 1504357 1275695 1430500 1597332


68838.52 76201.66


426897.4 439166.9 414627.9


NA


NA


NA


NA


565688.7 841765 697442.9 568921.6 836801.6 724875.7 562455.9 846728.4 670010.1


471519 466286.5 456306.6 476751.5


NA


43782.87 62504.7 36175.06 39359.16 61332.04 37023.2 48206.58 35326.91 61433.09


48097.18


86887.41 89164.44 84610.37


41191.3 22976.24 24540.32 26243.61 47265.76


35242.79 35641.42 33641.53 35178.56 36844.05 36104.27


NA


375990.2 396467.4 355512.9


NA


575219.8 516700.1 633739.4 1111018


17635.46 18485.69 12438.34


NA


NA


NA


16426.8 22413.66 17420.47 27779.2 15433.14 17048.12


20492.9 24875.74 21714.02 24138.75 25209.32 19271.78 16243.49


267326.8 526245.6 401396.4 389227 243125.8 247119.3 492479.8 401105.2 446990.4 281355.5 287534.3 560011.4 401687.6 331463.6


NA


NA


NA


NA


2027678 2017875 2037481


35117.14 33116.94 37117.34


NA


193384.6 211713.1 224945.5


NA


1521327


NA


NA


215925.3 197354.3 211042.7 196987.3 220807.8 197721.4


NA


NA


883270.5 1320773 1030861 763978.7 880626.1 1358425 938968.1 815132.1 1283122 1122753


787488.6 829550.8 745426.4


86300.71 122971.9 104347.6 87369.44 130603.7 105397.6 85231.97 115340.1 103297.5


908561.8 1211900 1226445 885343.8 1346773 1323870 931779.8 1191163


1168290 1437571 1072925 1195536 1475371 1063634 1152123 1399770 1082215


78686.79 93552.96 84944.53 71670.55 72429.04 115435.4


1301721 573620.7 1299754 601741.9 1260041 545499.5


93667.13 77678.43 98108.73 75822.36 89225.53 79534.5


827533.6 837682.2 817384.9


NA


NA


NA


54149.38 99079.91 113220 74379.31 73125.91 79007.7 94047.95 109473.6 58272.59 75245.51 104111.9 116966.4 90486.04 71006.3


1353592 1353240 1353944


848435.9 1271286 824437.3 1357006 872434.6 1185566


168077.5 173412.5 165232.4


190685.9 192589.9 188781.9


NA


NA


NA


NA


NA


NA


NA


112075.3 108675.3 97410 139075.3 106958.3 107806.3 102018.1 137672.5 117192.3 109544.3 140478.2


NA


63819.17 62864.34 64774.01


35442.98


NA


45096.47 49853.28 40339.67


NA


22981.86 22644.27 23319.44


46429.03 38438.98 45919.56 44016.56 46938.51 32861.41


NA


NA


NA


289915.6 287927.2 291904.1


10833.32 8229.669 9596.4 9659.297 12070.25 6800.042


147482 108556.3 217109.7 162824.8 231756.3 132139.3 127213 202463.1


NA


31856.37 29575.75 31586.92 29339.6 32125.83 29811.89


NA


NA


1237397 1127397 1347396


16835.06 17679.47 15990.66


NA


59921.6 57539.43 62303.76


46647.78 48202.95 45092.6


NA


NA


NA


649126.7 607940 690313.5


NA


10417107 4783493 5313391 10249766 4645000 5657902 10584448 5060938 4968880


462874.4 736550.7 683995.8 536920.6 727759.9 747671.5 525730.3 502825.7 745341.5 548110.9


349298.3 291936.9 413074.5 423708.1 359329.8 276382.8 414423.1 426314.7 283489.7 339266.7 307490.9 411725.8 421101.4


2621603 2826490 2416715


199079.5 174774.5 194374.7 154163.2 203784.3 195385.7


124543.1 130704.9 118381.3


NA


18903.63 18780.92 19026.34


NA


NA


NA


NA


24232.07


NA


268653.1 256784.1 280522.1


NA


86220.65 110854.6


NA


NA


72348.91 60561.16


776320.8 853514.2 699127.4


2576627 5360002 4348371 4972645 2255525 4723839 5003637 5073925 2897730 5795853 3693105 4871365


NA


3840468 3771660 3611991


NA


2374396 2501400 2247391


2074425 2121396 2027454


2997478 3032334


NA


314643.4 300652.8 328634


NA


1353738 1371219


368181.6 630067.8 375077.5 636901.9 361285.6 623233.6


22415.99 22066.45 23283.69


275716.8 263227.5 288206.2


NA


7388105 7662043 7114168


NA


141138.4 88563.61 152058.6 109112.8 90605.8 130218.2


71429.03


82315.74 98780.16 135164.5 82577.88 147990.7 95215.38 82053.6 137337.9 102344.9


32612.34 61020.05 32622.97


84480.67 89290.9 82447.73


37627.86 35283.81 39971.91


226527.7 125907.8 230769.8 222285.5 145712.2


916902 989228.1 1344155 1509783 1023094 927812.6 1039616 1439166 1225622 1031758 905991.5 938840.5 1462688 1577944 1180273


NA


307616.3 212692.6 317986.7 200278.7 297245.9 225106.5


42170.98 43262.1 41079.85


36706.26


NA


435362 526011.2 442874.1 515278.7 427849.9 504509.6


355636.3 360133.4


NA


NA


NA


NA


NA


182602.3 149016.1 184863.4 156407.4 179442.3 141624.9


318837.5


NA


247722.8 172804.5 269579.9 235912.7 208696.8 247695.9 164285.2 239939.3 235675.2 229397.3 247749.7 181323.7 299220.5 236150.2 187996.2


NA


NA


NA


NA


1268670 1361729 1175611


NA


62040.26 63656.94 60423.57


34931.36 34871.59 34991.14


122242.3


NA


710563.7 620152.2 1138014 522104.3 523439.4 800975.1


NA


136744.7 119743.6 146965.3 114322.3 125164.9


115140.5 117324.5


318850.8 323421 314280.5


134207.5 201246.1 226189.6 140045.1 206600.2 204194.7 128369.9 195892 248184.5


46938.39 46172.92 47703.86


NA


NA


124975.3


NA


NA


6864983 6530534 7199432


NA


108496.7 118327.8 109297.8


NA


NA


86548.62 146247.7 123705.6 67304.08 81928.75 141438.3 118799.7 66718.91 91168.5 151057.2 128611.4 67889.24


182398 229515.2 187124.3 175917.2 177671.7 283113.3


15887.78 14664.56 16583.89


NA


29064.7 31090.55


18985.88 24951.15 18902.96 21682.01 19068.8 28220.3


46626.76


NA


NA


291010 352567.2 343652.5 296934.3 353899.9 345202 285085.7 326670.9 342103


160571.6 80282.03 159879.3 67385.62 161263.9 93178.45


314277 314802.2 313751.8


117139.2 128932.2 105370 128924.3 128908.4


NA


NA


376754 360214.5 378433 368490.9 203464.8 396602.4 351938.2


638680 370497.9 663027.3 347923 614332.7 393072.7


105204.6 180043.8 187540 104763 194730.4 185298.1 105646.2 174789.5 174408.5


NA


310910.6 489766.9 455942.8 227934 203204.5 316754.2 485292.1 490588 236802.6 206189.6 489949.5 305067 421297.5 219065.4 200219.4


68245.94 62987.96 73503.91


596074.5 854025.1 594898.4 936583.7 599204.6 898844.2 560736 983766.1 609396.8 809206 629060.8 889401.2


86862.48 81341.73 92383.23


220193.2 345746.5 367590.4 216966.5 226135.9 353891.4 354441.4 212910.4 214250.5 337601.7 380739.4 221022.6


123329.9 184897.9 124889.2 183133.1 121770.6 186662.7


NA


NA


611504.1 665957.8 824055.5 567205.9 614551 642828.3 800566 542131.6 554941.4 608457.1 689087.3 847544.9 592280.2


890556 1224320 1313399 626599.5 878286.5 1173740 1286232 699102.7 902825.5 1274899 1340567 751784 727931.1


28783.84 28588.49 28979.2


NA


NA


749439.8 722842.6 776036.9


NA


NA


55651.54 52883.59 50577.1 56839 60725.99 48928.19


NA


121408.7 62688.27 121107.9 115702.4 63483.32 113394.9 127115 61893.21 128820.9


NA


150401.7 195711.6 290884.3 175781.6 158155.1 196901.9 297999.2 153679.5 142648.3 115035 194521.3 277980.1 197883.8


139835.7 233888.6 137979.6 232133 141691.8 235644.1


NA


88774.83 96766.9 80782.76


NA


NA


92163.31 91178.75 93147.88


NA


67692.72 69526.83 65858.6 42436.02


NA


NA


NA


220119.1 183022.1 220545.4 183053 218077.5 182991.3


NA


420715.8 463326.3 461389 419079.5 393362.5 422352.2 488541.8 529415.6


29746.5 47695.35 32016.77 44362.3 51028.4


70835.35 61771.07 31109.16 55853.21 57166.74 68897.4 59064.22 32195.13 47204.27 43368.83 55838.31 72691.94 64477.92 30023.19 64502.15 58495.16


174626.7 206836.9 164782.6 167717.6 198950.6 181535.8 214723.3 177463.4


277142.1 201532.7 106720.9 346629.2


42458.66 62174.1 44348.5 49206.34 40568.82 65327.76


315867.6 321868.2 309866.9


NA


NA


NA


NA


NA


23790.41 27633.07 23731.9 27736.08 27530.05


30532.09 30207.82 32301.9 33323.39 28762.27 27092.26


22429 23150.58 21707.42


NA


NA


NA


NA


2595203 1135364 2592009 2555421 1171727


303545 236352 303525.9 375362 298523.3


705068.3 637186.5 772950


1472528 1395989 1602846 1475005 1342210 1316974


1128793 1225095 1534296 1135132 1122453 1379729


283391.1 269210.9 232068.1 167785.9 308189.3 260788.2 227031 173625.8 258592.9 279343.8 237105.2 161946


NA


NA


NA


NA


30460.22 26584.11 31330.06


NA


NA


NA


NA


710447.9 620633.3 800262.6


195035.2 186009.2 204061.2


797857.4 993299.7 737226.3 1062109 858488.4 924490


NA


NA


326797.2 536118.9 336561.9 565292.1 354893.4 506945.8 333841.8 274178.1


NA


37389.4 36610.58 38168.22


NA


91301.06 80853.29 89405.87 75515.18 93196.26 86191.41


NA


181983.5 98820.08 187194.4 117399.4 176772.5 115664.9


NA


NA


34945.96 40051 29840.91


NA


NA


NA


NA


NA


NA


NA


NA


34834.87 33424.21 36245.53


NA


253243.8 257311.6 249176


41600.82 37922.43 45279.2


63709.81 63598.14 63821.49


72686.73 69902.34 75471.12


NA


NA


257726.6 273107.6


53273.43 54373.57 52173.29


137732.1 143145 132319.2


31784.95 32192.62 31377.28


272752.4 291328.4 268396.7 250008.9 277108.1 332647.8


NA


51509.67 43043.06 56184.61 51116.84 46147.66 47853.67 51902.51 39938.46 53580


66634.89 67982.42 65287.35


NA


78672.77 78769.82 78575.73


NA


NA


NA


NA


NA


269163.1 237541 294943.9


NA


NA


78526.06 80506.9 76545.21


NA


NA


NA


NA


NA


227570.2 294010.8 226719.8 287919.1 228420.7 300102.5


96809.31 98723.39 94895.23


148972.6 155311.5 72900.33 142633.6 88172.78


NA


382056.8 169369.9 297330.9 320141.5 391718.8 169135.2 166307 275433.9 319152.8 358493.6 172432.8 319227.9 321130.1


263049.5 462604.5 338526.5 343764.4 255527.3 470692.9 356101.2 386169.7 270571.7 454516.1 320951.9 301359.1


2343384 1835040 1496939 1378950 2321467 1909728 1403222 2365300 1849141 1702178 1354678


2261831 1379904 2239602 1375705 2386981 1384104


NA


NA


48994.97 62456.12 55387.97 35533.83


NA


NA


NA


NA


NA


NA


NA


NA


23217.48 19738.1 20236.9 21460.98 26198.05 18015.22


NA


NA


NA


NA


NA


NA


NA


NA


NA


NA


NA


38023.53 37882.79 38164.27


57006.81 54708.26 56575.84


NA


51524.7 55241.03 47808.37


NA


NA


NA


201397.8


NA


NA


NA


540735.9 563652.2 517819.6


NA


NA


NA


NA


NA


534562.1 502945.9 566178.4


NA


NA


38140.95 39126.75 37155.16


NA


674394.1 640064.6 708723.5


NA


NA


NA


170105.3 162638.3 152337.4 152985.2 187873.1 172291.4


NA


NA


NA


65143.83 58245.45 72042.2


218050.7 209960.5 226140.9


NA


NA


231466.1 248489 214443.2


275549.5 274652.7 277818.9 274608.2


NA


NA


NA


NA


NA


NA


156551.2 136891.7 164715.9 129330.3 148386.5 144453.1


NA


191293.6 191050.5 191536.8


NA


NA


NA


NA


352072 353442.8 350701.3


NA


116509 112357.5 56446.49 112262.2 121756.4 78076.87 120755.8 102958.5


NA


47758.85 97951.88 51401.77 99184.75 44115.93 44354.49 96719


52127.48 53376.12 50878.85 40401.37


182438.7 225574 209132.9 187784.7 213286.4 199054.7 179618.7 237861.6 219211.1


129671.5 112594.4 241051.4 127568.9 256464.6 131774.2 122578.5 225089.4


37135.46


65344.93 70222.8 60467.05


1254090 1723847 830735.3 1285930 1720100 1222250 1727594 952432.7


936591.3 1073781 920670.6 1071199 952512 1076362 470017.7


64450.3 85936.2 79618.21 63424.52 82974.39 79416.35 65476.07 88898.02 79820.06


510683.5 486235.4 535131.7


NA


538752 658796.7 511984.5 653952.5 565519.6


NA


NA


114949.8 130251.9 119806


NA


61785.95 72734.42 50837.49


NA


1201134 2073674 1611182 2596852 1523723 1218815 2085327 1585801 2659188 1715125 1293999 1219827 2062022 1636563 2534516 1525911 1143631


1143189 1493666 2192481 2614138 1101972 1535195 2162584 2803204 1145652 1452137 2222377 2282177


352428 458352.1 587642.4 665653.2 390325.6 444185.4 600790.6 664158.9 314530.4 472518.9 574494.1 667147.5


NA


NA


NA


NA


31063.87 43993.7 32155.75 49197.51 29971.99 38789.9


NA


72726.9 72906.91 72546.89


38139.46 33310.15 37878.79 35564.07 38400.13 31056.24


404116.2 401714 406518.4


249398.2 197764.9 252967.4 206025.4 245829 189504.4


NA


372050.1


NA


NA


52452.9 54753.57 50152.23


NA


NA


NA


NA


55388.55 56536.27 54240.84


NA


195430.4 194414 130487.7 184314.6 187494.3 139134.8 206546.3 201333.8 121840.7


NA


NA


47727.01 52912.45 42541.57


NA


NA


NA


NA


NA


30029.23 66316.9 34177.62 63747.44 34166.97 68886.36


56443.54 68945.54


10626.22 13587.02


409781.5 441096.2 378466.7


NA


NA


NA


NA


93152.62


NA


33014.04 32564.73 33463.35 24532.56


NA


NA


744937.8


11874.13


NA


175129.6 177085.9 173173.4


244078 233562 254593.9


NA


244494.8 239402.9 249586.6


NA


33429.19 36920.87 30425.67 36738.56 37141.33 37103.18


139923.8 66748.24 145208 134639.6 69452.79


84881.09 87309.24 82452.93


NA


263714.1 184890.1 234268.3 293159.9 189702.5


NA


NA


31781.17 27118.47 36443.87


NA


39434.34 42808.16 36060.52


556526 604112.2 479205.4 602273.3 633846.5 605951.1


176461.7 196772.9 172529.2


NA


178276.9 267298.9 136142.2 173840 265097.5 134145.8 182713.8 269500.2 138138.6


NA


NA


NA


NA


947385.5 975063.6 919707.4


563811.8 569224.6 483811.8


580388


NA


NA


NA


25224.26


NA


176099.5 181271.6


NA


NA


NA


442155.5 437525.1


4104693 5856663 4075848 6073073 4133538


NA


NA


NA


NA


NA


166214.5 168841.3 116784.4 163587.7 135911.1


NA


725892.3 539384.8 640325.9 724472.8 534547 629816.3 727311.7 544222.5 650835.5


439002.4 525393.6 409568.8 355804.7 469779.3 528026.4 401611.1 359263.6 408225.5 522760.9 417526.6 352345.9


NA


NA


407888.8 399704.3 416073.3


NA


NA


NA


195615.7 141221.5 131284 143667.4 220817.5


2552897 2471175 2634620


2859298 1794651 2997272 1689815 2721324 1899486 1436472


NA


267898.8 291336.4


117702.6 128545.6 106859.5


NA


567831.4 253590.5 501149.2 548391.8 265836.8 490132 564375.1 241344.1 512166.4


21588.02 18191.34 21082.05 17309.93 22093.99


66830.85 67859.88 67505.85 70060.13 66155.85 65659.63


235975.8 241511.4 230440.2


100604.4 121665.8 93268.12 106208.9 119446.4 100963.3 94999.96 115171.5 85572.93


NA


NA


NA


NA


NA


42277.12 62045.47 39769.82 43581.9 44784.42 80509.04


107355.8 115593.5 99118.19


NA


NA


NA


12486.83 12245.79 12727.87


268231.8 338095.6 273706.7 435095.5 262327.2 344332 286764.8 431499 274136.4 331859.1 260648.6 438691.9


NA


32804.65 61082.25 43101.51 32220.37 56498.64 44220.23 33388.93 65665.86 41982.79


NA


NA


NA


567544.3 396037.1 393467.4 403210.5 564009.5 423519.2 424148.2 447967.9 571079.1 368554.9 395069 358453 245302


138285 126321.3 111997.8 133241.2 126705 143328.8 125937.6


36162.2 17904.19 34483.67 23531.04 35565.15


54181.44 66459.39 57256.06 53613.63 78459.29 54749.24 54459.48 74056.7


NA


NA


NA


NA


NA


NA


12648.06 11539.96 13756.17


NA


NA


32735.52 35226.61 30244.43


NA


169389.8 171531.8 88120.47 165454.2 195574.6 141576.3 173325.5 147488.9


32122.28 25095.3 34580.95 25605.56 24585.04


NA


NA


NA


63433.06 98151.37


NA


NA


66017.9 62304.82 69730.98


256143.5 165267.7 274430.8 164429.2 237856.2 166106.3


23756.97 30033.79 25713.78 34939.12 21800.15 25128.47


115005.3 100908.2 105371.7 94207.94 124638.9 107608.4


NA


33743.77 35916.11 31571.42


NA


NA
0
0
